20:17:43.151 No serial device connected
20:17:49.509 USB device detected
20:17:53.178 Connected to CDC device
20:17:53.179 88.0 7.2 2.7 6.5 0 86.0 0 127 127 1 127 59 85 255 0 0 0 37.969661 23.740518 202.4 41.4 5.1 
20:17:53.190 88.0 7.2 2.7 6.5 324.0 218.5 -119.4 204.6 -2.0 86.0 0 127 127 1 127 59 85 255 0 0 0 37.969661 23.740518 202.4 41.4 5.1 
20:17:53.698 88.0 7.2 2.1 5.5 328.0 218.6 -119.4 208.6 -6.0 87.0 0 127 127 1 127 59 85 255 0 0 0 37.969661 23.740518 202.4 41.4 5.1 
20:17:54.208 88.0 7.2 2.1 5.6 328.0 218.0 -119.4 208.6 -6.0 87.0 0 127 127 1 127 59 85 255 0 0 0 37.969661 23.740518 202.4 41.4 5.1 
20:17:54.718 88.0 7.2 2.4 6.3 329.0 219.4 -119.4 209.6 -7.0 87.0 0 127 127 1 127 59 85 255 0 0 0 37.969661 23.740518 202.4 41.4 5.1 
20:17:55.225 88.0 7.2 3.8 6.2 329.0 219.7 -119.4 209.6 -7.0 87.0 0 127 127 1 127 59 85 255 0 0 0 37.969661 23.740518 202.4 41.4 5.1 
20:17:55.734 88.0 7.2 4.9 6.5 329.0 219.5 -119.4 209.6 -7.0 87.0 0 127 127 1 127 59 85 255 0 0 0 37.969661 23.740518 202.4 41.4 5.1 
20:17:56.242 88.0 7.2 6.5 6.6 329.0 196.1 -119.4 209.6 -7.0 87.0 0 127 127 1 127 59 85 255 0 0 0 37.969661 23.740518 202.4 41.4 5.1 
20:17:56.750 88.0 7.2 6.0 6.4 329.0 192.8 -119.4 209.6 -7.0 87.0 0 127 127 1 127 59 85 255 0 0 0 37.969669 23.740516 202.4 54.9 4.3 
20:17:57.257 88.0 7.2 5.3 6.2 329.0 192.8 -119.4 209.6 -7.0 87.0 0 127 127 1 127 59 85 255 0 0 0 37.969669 23.740516 202.4 54.9 4.3 
20:17:57.764 88.0 7.2 4.2 5.5 329.0 192.2 -119.4 209.6 -7.0 87.0 0 127 127 1 127 59 85 255 0 0 0 37.969669 23.740516 202.4 54.9 4.3 
20:17:58.271 88.0 7.2 3.3 5.6 330.0 193.2 -119.4 210.6 -8.0 88.0 0 127 127 1 127 59 85 255 0 0 0 37.969669 23.740516 202.4 54.9 4.3 
20:17:58.779 88.0 7.2 3.3 5.5 330.0 192.6 -119.4 210.6 -8.0 88.0 0 127 127 1 127 59 85 255 0 0 0 37.969669 23.740516 202.4 54.9 4.3 
20:17:59.287 88.0 7.2 3.3 5.5 330.0 191.6 -119.4 210.6 -8.0 88.0 0 127 127 1 127 59 85 255 0 0 0 37.969669 23.740516 202.4 54.9 4.3 
20:17:59.800 88.0 7.2 3.2 5.7 330.0 192.7 -119.4 210.6 -8.0 88.0 0 127 127 1 127 59 85 255 0 0 0 37.969669 23.740516 202.4 54.9 4.3 
20:18:00.308 89.0 7.3 2.8 5.9 330.0 193.4 -119.4 210.6 -8.0 88.0 0 127 127 1 127 59 85 255 0 0 0 37.969669 23.740516 202.4 54.9 4.3 
20:18:00.821 89.0 7.3 2.9 5.7 330.0 193.2 -119.4 210.6 -8.0 88.0 0 127 127 1 127 59 85 255 0 0 0 37.969665 23.740514 202.4 48.7 4.9 
20:18:01.330 88.0 7.2 2.4 5.1 331.0 193.2 -119.4 211.6 -9.0 88.0 0 127 127 1 127 59 85 255 0 0 0 37.969665 23.740514 202.4 48.7 4.9 
20:18:01.839 88.0 7.2 2.8 5.8 331.0 193.2 -119.4 211.6 -9.0 88.0 0 127 127 1 127 59 85 255 0 0 0 37.969665 23.740514 202.4 48.7 4.9 
20:18:02.345 88.0 7.2 1.7 5.2 331.0 193.0 -119.4 211.6 -9.0 88.0 0 127 127 1 127 59 85 255 0 0 0 37.969665 23.740514 202.4 48.7 4.9 
20:18:02.854 88.0 7.2 3.6 2.9 331.0 190.0 -119.4 211.6 -9.0 88.0 0 127 127 1 127 59 85 255 0 0 0 37.969669 23.740512 202.4 57.3 4.6 
20:18:03.363 88.0 7.2 3.2 5.0 331.0 190.8 -119.4 211.6 -9.0 88.0 0 127 127 1 127 59 85 255 0 0 0 37.969669 23.740512 202.4 57.3 4.6 
20:18:03.872 88.0 7.2 1.7 5.2 331.0 192.0 -119.4 211.6 -9.0 88.0 0 127 127 1 127 59 85 255 0 0 0 37.969665 23.740514 202.4 48.7 4.9 
20:18:04.379 88.0 7.2 3.1 4.5 331.0 195.1 -119.4 211.6 -9.0 88.0 0 127 127 1 127 59 85 255 0 0 0 37.969665 23.740514 202.4 48.7 4.9 
20:18:04.888 88.0 7.2 2.8 4.7 331.0 192.7 -119.4 211.6 -9.0 88.0 0 127 127 1 127 59 85 255 0 0 0 37.969665 23.740514 202.4 48.7 4.9 
20:18:05.398 89.0 7.3 2.7 4.8 331.0 193.3 -119.4 211.6 -9.0 88.0 0 127 127 1 127 59 85 255 0 0 0 37.969665 23.740514 202.4 48.7 4.9 
20:18:05.904 89.0 7.3 3.0 4.7 331.0 193.5 -119.4 211.6 -9.0 88.0 0 127 127 1 127 59 85 255 0 0 0 37.969665 23.740514 202.4 48.7 4.9 
20:18:06.414 89.0 7.3 4.3 11.9 285.0 162.0 -119.4 168.6 33.0 56.0 0 127 127 1 127 59 85 255 0 0 0 37.969665 23.740514 202.4 48.7 4.9 
20:18:06.922 89.0 7.3 3.4 0.8 262.0 133.7 -119.4 142.6 59.0 56.0 0 127 127 1 127 59 85 255 0 0 0 37.969665 23.740514 202.4 48.7 4.9 
20:18:07.432 86.0 7.2 4.1 2.8 262.0 131.8 -119.4 142.6 59.0 56.0 0 127 127 1 127 59 85 255 0 0 0 37.969665 23.740514 202.4 48.7 4.9 
20:18:07.940 86.0 7.2 4.1 2.9 262.0 130.8 -119.4 142.6 59.0 56.0 0 127 127 1 127 59 85 255 0 0 0 37.969665 23.740514 202.4 48.7 4.9 
20:18:08.449 86.0 7.2 3.7 2.5 263.0 131.2 -119.4 143.6 -37.0 117.0 0 28 102 1 127 59 85 255 0 0 0 37.969665 23.740514 106.4 48.7 4.9 
20:18:08.955 86.0 7.2 4.0 2.8 263.0 133.2 -119.4 143.6 -37.0 116.0 0 127 127 1 127 59 85 255 0 0 0 37.969665 23.740514 106.4 48.7 4.9 
20:18:09.464 88.0 7.2 4.0 2.9 263.0 132.5 -119.4 143.6 -37.0 116.0 0 127 127 1 127 59 85 255 0 0 0 37.969665 23.740514 106.4 48.7 4.9 
20:18:09.973 88.0 7.2 4.0 2.9 263.0 133.6 -119.4 143.6 -37.0 116.0 26.0 127 127 60 127 59 85 255 0 0 0 37.969665 23.740514 106.4 48.7 4.9 
20:18:10.481 65.0 6.9 10.7 7.3 241.0 122.4 -119.4 122.6 -16.0 96.0 30.0 127 127 68 127 59 85 255 0 0 0 37.969665 23.740514 106.4 48.7 4.9 
20:18:10.992 65.0 6.9 3.6 2.5 231.0 98.9 -119.4 111.6 -5.0 87.0 30.0 127 127 68 127 59 85 255 0 0 0 37.969665 23.740514 106.4 48.7 4.9 
20:18:11.499 82.0 7.2 5.0 2.4 216.0 74.7 -119.4 96.6 -5.0 86.0 30.0 127 127 68 127 59 85 255 0 0 0 37.969665 23.740514 90.8 48.7 4.9 
20:18:12.010 82.0 7.2 1.5 4.0 192.0 80.4 -119.4 72.6 -7.0 88.0 30.0 127 127 68 127 59 85 255 0 0 0 37.969665 23.740514 65.0 48.7 4.9 
20:18:12.518 84.0 7.2 4.6 3.0 190.0 81.4 -119.4 70.6 -8.0 94.0 30.0 91 127 68 127 59 85 255 0 0 0 37.969665 23.740514 62.0 48.7 4.9 
20:18:13.025 84.0 7.2 3.6 0.4 186.0 82.1 -119.4 66.6 -2.0 86.0 30.0 127 127 68 127 59 85 255 0 0 0 37.969665 23.740514 64.6 48.7 4.9 
20:18:13.532 84.0 7.2 3.8 0.2 186.0 58.4 -119.4 66.6 -2.0 86.0 30.0 127 127 68 127 59 85 255 0 0 0 37.969665 23.740514 64.6 48.7 4.9 
20:18:14.043 84.0 7.2 3.0 -0.6 188.0 86.9 -119.4 68.6 -4.0 86.0 30.0 127 127 68 127 59 85 255 0 0 0 37.969665 23.740514 64.6 48.7 4.9 
20:18:14.551 72.0 7.0 3.1 1.8 190.0 73.4 -119.4 70.6 -6.0 87.0 30.0 127 127 68 127 59 85 255 0 0 0 37.969665 23.740514 64.6 48.7 4.9 
20:18:15.060 72.0 7.0 3.3 2.2 188.0 67.2 -119.4 68.6 -4.0 86.0 30.0 127 127 68 127 59 85 255 0 0 0 37.969665 23.740514 64.6 48.7 4.9 
20:18:15.569 82.0 7.2 3.3 -0.4 189.0 65.4 -119.4 69.6 -5.0 86.0 30.0 127 127 68 127 59 85 255 0 0 0 37.969665 23.740514 64.6 48.7 4.9 
20:18:16.076 82.0 7.2 3.8 -1.0 190.0 88.2 -119.4 70.6 -6.0 87.0 30.0 127 127 68 127 59 85 255 0 0 0 37.969665 23.740514 64.6 48.7 4.9 
20:18:16.586 77.0 7.1 2.6 -0.1 188.0 69.9 -119.4 68.6 -4.0 86.0 30.0 127 127 68 127 59 85 255 0 0 0 37.969665 23.740514 64.6 48.7 4.9 
20:18:17.093 77.0 7.1 2.4 0.5 190.0 57.3 -119.4 70.6 -6.0 87.0 30.0 127 127 68 127 59 85 255 0 0 0 37.969665 23.740514 64.6 48.7 4.9 
20:18:17.602 82.0 7.2 2.4 0.2 188.0 43.5 -119.4 69.6 -5.0 86.0 30.0 127 127 68 127 59 85 255 0 0 0 37.969665 23.740514 64.6 48.7 4.9 
20:18:18.112 82.0 7.2 1.4 1.1 190.0 78.8 -119.4 70.6 -6.0 87.0 30.0 127 127 68 127 59 85 255 0 0 0 37.969665 23.740514 64.6 48.7 4.9 
20:18:18.622 82.0 7.2 1.6 -7.4 200.0 65.2 -119.4 79.6 25.0 53.0 30.0 236 127 68 127 59 85 255 0 0 0 37.969665 23.740514 119.2 48.7 4.9 
20:18:19.129 82.0 7.2 0.4 -8.2 264.0 121.8 -119.4 143.6 -3.0 86.0 30.0 127 127 67 127 59 85 255 0 0 0 37.969665 23.740514 140.6 48.7 4.9 
20:18:19.638 82.0 7.2 0.7 2.5 266.0 147.5 -119.4 146.6 -6.0 87.0 0 127 127 1 138 59 85 255 0 0 0 37.969665 23.740514 140.6 48.7 4.9 
20:18:20.147 82.0 7.2 -3.4 3.1 265.0 140.5 -119.4 145.6 -5.0 86.0 0 127 127 1 127 59 85 255 0 0 0 37.969665 23.740514 140.6 48.7 4.9 
20:18:20.656 86.0 7.2 4.4 2.3 265.0 129.2 -119.4 145.6 -5.0 86.0 0 127 127 1 127 59 85 255 0 0 0 37.969665 23.740514 140.6 48.7 4.9 
20:18:21.164 86.0 7.2 4.7 2.2 265.0 130.3 -119.4 145.6 -5.0 86.0 0 127 127 1 127 59 85 255 0 0 0 37.969665 23.740514 140.6 48.7 4.9 
20:18:21.672 88.0 7.2 4.8 2.2 265.0 130.0 -119.4 145.6 -5.0 86.0 0 127 127 1 127 59 85 255 0 0 0 37.969665 23.740514 140.6 48.7 4.9 
20:18:22.179 88.0 7.2 4.7 2.2 266.0 130.3 -119.4 146.6 -6.0 87.0 0 127 127 1 127 59 85 255 0 0 0 37.969665 23.740514 140.6 48.7 4.9 
20:18:22.686 88.0 7.2 4.8 2.1 266.0 130.0 -119.4 146.6 -6.0 87.0 0 127 127 1 127 59 85 255 0 0 0 37.969665 23.740514 140.6 48.7 4.9 
20:18:23.193 88.0 7.2 4.7 2.3 266.0 129.7 -119.4 146.6 -6.0 87.0 0 127 127 1 127 59 85 255 0 0 0 37.969665 23.740514 140.6 48.7 4.9 
20:18:23.701 88.0 7.2 4.7 2.3 266.0 128.9 -119.4 146.6 -6.0 87.0 0 127 127 13 127 59 85 255 0 0 0 37.969665 23.740514 140.6 48.7 4.9 
20:18:24.209 88.0 7.2 4.7 2.4 266.0 129.9 -119.4 146.6 -6.0 87.0 11.0 127 127 23 127 59 85 255 0 0 0 37.969665 23.740514 140.6 48.7 4.9 
20:18:24.717 88.0 7.2 4.7 2.4 266.0 129.9 -119.4 146.6 -6.0 87.0 11.0 127 127 24 127 59 85 255 0 0 0 37.969665 23.740514 140.6 48.7 4.9 
20:18:25.225 88.0 7.2 4.8 2.3 266.0 130.5 -119.4 146.6 -6.0 87.0 13.0 127 127 31 128 59 85 255 0 0 0 37.969665 23.740514 140.6 48.7 4.9 
20:18:25.733 88.0 7.2 4.8 2.2 266.0 129.0 -119.4 146.6 -6.0 87.0 15.0 127 127 36 128 59 85 255 0 0 0 37.969665 23.740514 140.6 48.7 4.9 
20:18:26.241 88.0 7.2 4.7 2.3 266.0 130.2 -119.4 146.6 -6.0 87.0 17.0 127 127 40 127 59 85 255 0 0 0 37.969665 23.740514 140.6 48.7 4.9 
20:18:26.756 88.0 7.2 4.8 2.2 267.0 129.4 -119.4 147.6 -7.0 87.0 19.0 127 127 47 127 59 85 255 0 0 0 37.969665 23.740514 140.6 48.7 4.9 
20:18:27.262 88.0 7.2 6.8 1.6 267.0 144.4 -119.4 147.6 -7.0 87.0 24.0 127 127 56 128 59 85 255 0 0 0 37.969665 23.740514 140.6 48.7 4.9 
20:18:27.771 77.0 7.1 11.7 1.9 264.0 124.9 -119.4 144.6 -4.0 86.0 24.0 127 127 56 128 59 85 255 0 0 0 37.969665 23.740514 140.6 48.7 4.9 
20:18:28.279 77.0 7.1 7.5 2.2 262.0 139.3 -119.4 142.6 -2.0 86.0 23.0 127 127 55 127 59 85 255 0 0 0 37.969665 23.740514 140.6 48.7 4.9 
20:18:28.786 86.0 7.2 4.9 2.1 262.0 140.6 -119.4 142.6 -2.0 86.0 24.0 127 127 56 127 59 85 255 0 0 0 37.969665 23.740514 140.6 48.7 4.9 
20:18:29.293 86.0 7.2 -3.2 2.6 262.0 129.7 -119.4 142.6 -2.0 86.0 24.0 127 127 56 127 59 85 255 0 0 0 37.969665 23.740514 140.6 48.7 4.9 
20:18:29.802 77.0 7.1 3.0 2.8 261.0 143.7 -119.4 141.6 -1.0 86.0 27.0 127 127 62 127 59 85 255 0 0 0 37.969665 23.740514 140.6 48.7 4.9 
20:18:30.309 77.0 7.1 9.5 2.4 261.0 131.2 -119.4 141.6 -1.0 86.0 27.0 127 127 62 127 59 85 255 0 0 0 37.969665 23.740514 140.6 48.7 4.9 
20:18:30.820 84.0 7.2 -0.3 2.0 261.0 113.9 -119.4 141.6 -1.0 86.0 31.0 127 127 69 127 59 85 255 0 0 0 37.969665 23.740514 140.6 48.7 4.9 
20:18:31.329 84.0 7.2 10.3 1.6 261.0 125.9 -119.4 141.6 -1.0 86.0 31.0 127 127 69 127 59 85 255 0 0 0 37.969665 23.740514 140.6 48.7 4.9 
20:18:31.839 82.0 7.2 4.1 0.0 261.0 132.5 -119.4 141.6 -1.0 86.0 31.0 127 127 69 127 59 85 255 0 0 0 37.969665 23.740514 140.6 48.7 4.9 
20:18:32.346 82.0 7.2 4.8 0.5 261.0 135.3 -119.4 141.6 -1.0 86.0 31.0 127 127 69 127 59 85 255 0 0 0 37.969665 23.740514 140.6 48.7 4.9 
20:18:32.852 60.0 6.8 3.5 1.0 261.0 144.1 -119.4 141.6 -1.0 86.0 31.0 127 127 69 127 59 85 255 0 0 0 37.969665 23.740514 140.6 48.7 4.9 
20:18:33.362 60.0 6.8 3.6 1.8 261.0 142.4 -119.4 141.6 -1.0 86.0 31.0 127 127 69 127 59 85 255 0 0 0 37.969665 23.740514 140.6 48.7 4.9 
20:18:33.868 65.0 6.9 4.3 1.5 261.0 135.6 -119.4 141.6 -1.0 86.0 31.0 127 127 69 127 59 85 255 0 0 0 37.969665 23.740514 140.6 48.7 4.9 
20:18:34.377 65.0 6.9 5.2 2.4 261.0 135.7 -119.4 142.6 -2.0 86.0 31.0 127 127 69 127 59 85 255 0 0 0 37.969665 23.740514 140.6 48.7 4.9 
20:18:34.886 84.0 7.2 4.5 1.0 261.0 129.9 -119.4 141.6 -1.0 86.0 31.0 127 127 69 127 59 85 255 0 0 0 37.969665 23.740514 140.6 48.7 4.9 
20:18:35.394 84.0 7.2 3.5 0.1 261.0 140.2 -119.4 141.6 -1.0 86.0 31.0 127 127 69 127 59 85 255 0 0 0 37.969665 23.740514 140.6 48.7 4.9 
20:18:35.901 82.0 7.2 3.7 1.1 261.0 148.9 -119.4 141.6 -1.0 86.0 31.0 127 127 69 127 59 85 255 0 0 0 37.969665 23.740514 140.6 48.7 4.9 
20:18:36.410 82.0 7.2 2.8 1.2 261.0 142.7 -119.4 141.6 -1.0 86.0 31.0 127 127 69 127 59 85 255 0 0 0 37.969665 23.740514 140.6 48.7 4.9 
20:18:36.921 81.0 7.1 3.8 -0.0 261.0 127.7 -119.4 141.6 -1.0 86.0 31.0 127 127 69 127 59 85 255 0 0 0 37.969665 23.740514 140.6 48.7 4.9 
20:18:37.432 81.0 7.1 2.4 0.7 260.0 113.6 -119.4 140.6 0 86.0 31.0 127 127 69 127 59 85 255 0 0 0 37.969665 23.740514 140.6 48.7 4.9 
20:18:37.943 82.0 7.2 2.5 3.1 260.0 118.0 -119.4 140.6 0 86.0 31.0 127 127 69 127 59 85 255 0 0 0 37.969596 23.740642 140.6 326.1 13.5 
20:18:38.451 82.0 7.2 3.2 3.6 260.0 116.1 -119.4 140.6 0 86.0 31.0 127 127 69 127 59 85 255 0 0 0 37.969596 23.740642 140.6 326.1 13.5 
20:18:38.960 82.0 7.2 3.9 4.2 260.0 118.8 -119.4 140.6 0 86.0 31.0 127 127 69 127 59 85 255 0 0 0 37.969596 23.740642 140.6 326.1 13.5 
20:18:39.471 82.0 7.2 3.8 3.0 260.0 113.3 -119.4 140.6 0 86.0 31.0 127 127 69 127 59 85 255 0 0 0 37.969596 23.740642 140.6 326.1 13.5 
20:18:39.979 77.0 7.1 5.1 0.9 259.0 117.1 -119.4 139.6 1.0 86.0 31.0 127 127 69 127 59 85 255 0 0 0 37.969596 23.740642 140.6 326.1 13.5 
20:18:40.487 77.0 7.1 2.3 2.4 259.0 134.0 -119.4 139.6 1.0 86.0 31.0 127 127 69 127 59 85 255 0 0 0 37.969596 23.740642 140.6 326.1 13.5 
20:18:40.997 82.0 7.2 3.1 2.8 259.0 123.0 -119.4 139.6 1.0 86.0 31.0 146 127 69 127 59 85 255 0 0 0 37.969570 23.740669 140.6 324.2 16.9 
20:18:41.506 82.0 7.2 1.0 -7.5 281.0 153.3 -119.4 161.6 6.0 78.0 31.0 167 127 69 127 59 85 255 0 0 0 37.969570 23.740669 168.2 324.2 16.9 
20:18:42.012 81.0 7.1 1.6 -7.3 320.0 170.3 -119.4 199.6 7.0 78.0 31.0 166 127 69 127 59 85 255 0 0 0 37.969570 23.740669 209.2 324.2 16.9 
20:18:42.520 81.0 7.1 1.5 -6.6 353.0 197.5 -119.4 232.6 5.0 81.0 31.0 155 127 69 127 59 85 255 0 0 0 37.969570 23.740669 237.6 324.2 16.9 
20:18:43.029 82.0 7.2 1.3 -3.5 18.0 259.1 -119.4 258.6 4.0 81.0 31.0 156 127 69 127 59 85 255 0 0 0 37.969570 23.740669 262.6 324.2 16.9 
20:18:43.535 82.0 7.2 2.7 -6.5 44.0 223.7 -119.4 283.6 6.0 80.0 31.0 159 127 69 127 59 85 255 0 0 0 37.969570 23.740669 289.8 324.2 16.9 
20:18:44.047 81.0 7.1 1.2 -8.2 72.0 293.1 -119.4 312.6 5.0 80.0 31.0 159 127 69 127 59 85 255 0 0 0 37.969570 23.740669 317.8 324.2 16.9 
20:18:44.555 81.0 7.1 2.3 -7.6 104.0 314.6 -119.4 344.6 6.0 80.0 31.0 161 127 69 127 59 85 255 0 0 0 37.969570 23.740669 350.8 324.2 16.9 
20:18:45.067 84.0 7.2 1.1 -6.5 133.0 6.9 -119.4 12.6 6.0 80.0 31.0 160 127 69 127 59 85 255 0 0 0 37.969570 23.740669 18.8 324.2 16.9 
20:18:45.578 84.0 7.2 1.1 -6.4 164.0 38.3 -119.4 43.6 4.0 80.0 31.0 160 127 69 127 59 85 255 0 0 0 37.969570 23.740669 47.8 324.2 16.9 
20:18:46.086 81.0 7.1 0.9 -7.8 194.0 67.7 -119.4 73.6 6.0 80.0 31.0 160 127 69 127 59 85 255 0 0 0 37.969562 23.740650 79.8 331.0 16.9 
20:18:46.600 81.0 7.1 1.2 -6.9 228.0 80.9 -119.4 107.6 6.0 79.0 31.0 162 127 69 127 59 85 255 0 0 0 37.969562 23.740650 114.0 331.0 16.9 
20:18:47.108 82.0 7.2 0.6 -10.1 262.0 115.3 -119.4 141.6 4.0 80.0 31.0 161 127 69 127 59 85 255 0 0 0 37.969562 23.740650 145.8 331.0 16.9 
20:18:47.614 82.0 7.2 1.1 -8.1 297.0 165.0 -119.4 177.6 6.0 80.0 31.0 161 127 69 127 59 85 255 0 0 0 37.969562 23.740650 183.8 331.0 16.9 
20:18:48.121 79.0 7.1 1.8 -6.7 325.0 202.7 -119.4 205.6 6.0 79.0 31.0 162 127 69 127 59 85 255 0 0 0 37.969562 23.740650 212.0 331.0 16.9 
20:18:48.631 79.0 7.1 1.7 -6.9 359.0 209.2 -119.4 238.6 5.0 79.0 31.0 162 127 69 127 59 85 255 0 0 0 37.969562 23.740650 244.0 331.0 16.9 
20:18:49.141 81.0 7.1 2.6 -7.5 35.0 254.0 -119.4 274.6 7.0 79.0 31.0 163 127 69 127 59 85 255 0 0 0 37.969562 23.740650 282.0 331.0 16.9 
20:18:49.650 81.0 7.1 -0.5 -8.1 71.0 301.0 -119.4 310.6 5.0 78.0 31.0 167 127 69 127 59 85 255 0 0 0 37.969562 23.740650 316.2 331.0 16.9 
20:18:50.160 81.0 7.1 0.5 -9.0 109.0 315.9 -119.4 348.6 9.0 77.0 31.0 170 127 69 127 59 85 255 0 0 0 37.969562 23.740650 358.4 331.0 16.9 
20:18:50.666 81.0 7.1 -0.7 -8.1 151.0 54.7 -119.4 30.6 4.0 81.0 31.0 157 127 69 127 59 85 255 0 0 0 37.969562 23.740650 34.6 331.0 16.9 
20:18:51.173 74.0 7.0 2.3 3.6 154.0 32.7 -119.4 34.6 0 86.0 31.0 128 127 69 127 59 85 255 0 0 0 37.969562 23.740650 34.6 331.0 16.9 
20:18:51.682 74.0 7.0 4.8 0.8 152.0 14.0 -119.4 33.6 1.0 86.0 31.0 127 127 69 127 59 85 255 0 0 0 37.969562 23.740650 34.6 331.0 16.9 
20:18:52.190 61.0 6.9 4.3 0.8 151.0 358.7 -119.4 31.6 3.0 86.0 31.0 127 127 69 127 59 85 255 0 0 0 37.969562 23.740650 34.6 331.0 16.9 
20:18:52.697 61.0 6.9 1.7 2.0 151.0 356.7 -119.4 31.6 3.0 86.0 31.0 127 127 69 127 59 85 255 0 0 0 37.969562 23.740650 34.6 331.0 16.9 
20:18:53.205 61.0 6.9 1.2 3.2 150.0 6.8 -119.4 30.6 -6.0 91.0 31.0 108 127 69 127 59 85 255 0 0 0 37.969562 23.740650 24.6 331.0 16.9 
20:18:53.713 61.0 6.9 1.1 5.5 127.0 325.5 -119.4 7.6 4.0 86.0 31.0 118 127 69 127 59 85 255 0 0 0 37.969562 23.740650 11.6 331.0 16.9 
20:18:54.222 82.0 7.2 2.8 2.8 126.0 347.3 -119.4 6.6 5.0 86.0 31.0 126 127 69 127 59 85 255 0 0 0 37.969562 23.740650 11.6 331.0 16.9 
20:18:54.730 82.0 7.2 0.1 0.9 128.0 343.3 -119.4 8.6 3.0 86.0 31.0 116 127 69 127 59 85 255 0 0 0 37.969562 23.740650 11.6 331.0 16.9 
20:18:55.239 82.0 7.2 0.3 11.8 108.0 323.1 -119.4 349.6 -5.0 91.0 31.0 103 127 69 127 59 85 255 0 0 0 37.969562 23.740650 344.6 331.0 16.9 
20:18:55.747 82.0 7.2 -0.4 14.3 78.0 302.0 -119.4 318.6 -3.0 91.0 31.0 108 127 69 127 59 85 255 0 0 0 37.969627 23.740663 315.6 307.6 11.8 
20:18:56.255 81.0 7.1 2.4 19.6 45.0 265.1 -119.4 285.6 -1.0 91.0 31.0 109 127 69 127 59 85 255 0 0 0 37.969627 23.740663 279.6 307.6 11.8 
20:18:56.764 81.0 7.1 0.5 13.5 17.0 235.8 -119.4 257.6 5.0 86.0 31.0 118 127 69 127 59 85 255 0 0 0 37.969627 23.740663 262.6 307.6 11.8 
20:18:57.274 86.0 7.2 0.8 5.1 18.0 231.2 -119.4 258.6 4.0 86.0 31.0 119 127 69 127 59 85 255 0 0 0 37.969627 23.740663 262.6 307.6 11.8 
20:18:57.782 86.0 7.2 0.9 4.1 19.0 249.8 -119.4 259.6 3.0 86.0 31.0 121 127 69 127 59 85 255 0 0 0 37.969635 23.740633 262.6 313.1 9.2 
20:18:58.288 82.0 7.2 4.5 2.6 18.0 245.8 -119.4 258.6 4.0 86.0 31.0 127 127 69 127 59 85 255 0 0 0 37.969635 23.740633 262.6 313.1 9.2 
20:18:58.795 82.0 7.2 0.5 5.5 17.0 205.4 -119.4 257.6 5.0 86.0 31.0 127 127 69 127 59 85 255 0 0 0 37.969635 23.740633 262.6 313.1 9.2 
20:18:59.305 63.0 6.9 2.9 3.1 18.0 260.9 -119.4 258.6 4.0 86.0 31.0 127 127 69 127 59 85 255 0 0 0 37.969635 23.740633 262.6 313.1 9.2 
20:18:59.814 63.0 6.9 3.1 5.3 20.0 228.4 -119.4 260.6 2.0 86.0 31.0 127 127 69 127 59 85 255 0 0 0 37.969615 0.033333 262.6 82.6 2073069.5 
20:19:00.322 81.0 7.1 -0.3 6.8 18.0 238.3 -119.4 258.6 4.0 86.0 31.0 139 127 69 127 59 85 255 0 0 0 37.969615 0.033333 262.6 82.6 2073069.5 
20:19:00.832 81.0 7.1 0.5 3.8 17.0 219.2 -119.4 257.6 5.0 86.0 31.0 137 127 69 127 59 85 255 0 0 0 37.969615 0.033333 262.6 82.6 2073069.5 
20:19:01.340 74.0 7.0 -1.8 -16.5 54.0 281.5 -119.4 293.6 16.0 68.0 31.0 202 127 69 127 59 85 255 0 0 0 37.969615 0.033333 310.2 82.6 2073069.5 
20:19:01.852 74.0 7.0 -1.4 -11.2 124.0 357.8 -119.4 4.6 -11.0 90.0 31.0 127 127 69 127 59 85 255 0 0 0 37.969615 0.033333 353.6 82.6 2073069.5 
20:19:02.358 79.0 7.1 -0.4 6.2 102.0 328.6 -119.4 343.6 3.0 86.0 31.0 127 127 69 127 59 85 255 0 0 0 37.969615 0.033333 347.0 82.6 2073069.5 
20:19:02.869 79.0 7.1 -0.6 1.1 100.0 322.6 -119.4 340.6 6.0 85.0 31.0 127 127 69 127 59 85 255 0 0 0 37.969615 0.033333 347.0 82.6 2073069.5 
20:19:03.378 82.0 7.2 -1.9 1.5 98.0 319.6 -119.4 338.6 8.0 84.0 31.0 127 127 69 127 59 85 255 0 0 0 37.969615 0.033333 347.0 82.6 2073069.5 
20:19:03.886 82.0 7.2 -0.4 3.5 100.0 320.1 -119.4 340.6 6.0 86.0 31.0 127 127 69 127 59 85 255 0 0 0 37.969615 0.033333 347.0 82.6 2073069.5 
20:19:04.396 81.0 7.1 -0.9 0.3 102.0 309.8 -119.4 342.6 4.0 86.0 31.0 127 127 69 127 59 85 255 0 0 0 37.969615 0.033333 347.0 82.6 2073069.5 
20:19:04.904 81.0 7.1 -0.7 1.9 99.0 313.9 -119.4 339.6 7.0 85.0 31.0 122 127 69 127 59 85 255 0 0 0 37.969615 0.033333 347.0 82.6 2073069.5 
20:19:05.411 82.0 7.2 -2.9 -0.4 102.0 320.0 -119.4 342.6 4.0 86.0 31.0 127 127 69 127 59 85 255 0 0 0 37.969615 0.033333 347.0 82.6 2073069.5 
20:19:05.918 82.0 7.2 0.3 3.4 99.0 310.1 -119.4 340.6 6.0 85.0 31.0 127 127 69 127 59 85 255 0 0 0 37.969688 23.740518 347.0 80.3 3.4 
20:19:06.425 82.0 7.2 -1.0 -1.0 102.0 314.9 -119.4 342.6 4.0 86.0 31.0 112 127 69 127 59 85 255 0 0 0 37.969688 23.740518 347.0 80.3 3.4 
20:19:06.936 82.0 7.2 -1.7 4.4 90.0 303.6 -119.4 330.6 3.0 86.0 31.0 127 127 69 127 59 85 255 0 0 0 37.969688 23.740518 334.2 80.3 3.4 
20:19:07.443 81.0 7.1 1.0 -0.8 87.0 303.8 -119.4 327.6 6.0 85.0 31.0 127 127 69 127 59 85 255 0 0 0 37.969688 23.740518 334.2 80.3 3.4 
20:19:07.953 81.0 7.1 -0.4 -6.3 97.0 294.2 -119.4 336.6 5.0 85.0 31.0 127 127 69 127 59 85 255 0 0 0 37.969688 23.740518 341.8 80.3 3.4 
20:19:08.460 81.0 7.1 1.8 2.7 96.0 334.3 -119.4 336.6 5.0 86.0 31.0 127 127 69 127 59 85 255 0 0 0 37.969688 23.740518 341.8 80.3 3.4 
20:19:08.969 81.0 7.1 0.5 0.7 96.0 260.9 -119.4 336.6 5.0 86.0 31.0 127 127 69 127 59 85 255 0 0 0 37.969688 23.740518 341.8 80.3 3.4 
20:19:09.476 81.0 7.1 -0.4 3.2 94.0 313.0 -119.4 334.6 7.0 85.0 31.0 127 127 69 127 59 85 255 0 0 0 37.969688 23.740518 341.8 80.3 3.4 
20:19:09.985 81.0 7.1 1.3 3.8 95.0 326.7 -119.4 335.6 6.0 86.0 31.0 127 127 69 127 59 85 255 0 0 0 37.969688 23.740518 341.8 80.3 3.4 
20:19:10.494 81.0 7.1 -0.2 2.3 104.0 318.9 -119.4 344.6 0 86.0 31.0 127 127 69 127 59 85 255 0 0 0 37.969688 23.740518 345.4 80.3 3.4 
20:19:11.003 81.0 7.1 -2.0 5.2 97.0 327.5 -119.4 337.6 7.0 85.0 31.0 127 127 69 127 59 85 255 0 0 0 37.969688 23.740518 345.4 80.3 3.4 
20:19:11.511 81.0 7.1 -0.8 -0.3 100.0 310.4 -119.4 340.6 4.0 86.0 31.0 127 127 69 127 59 85 255 0 0 0 37.969688 23.740518 345.4 80.3 3.4 
20:19:12.020 81.0 7.1 -6.9 -23.0 145.0 0.6 -119.4 23.6 14.0 66.0 31.0 204 127 69 127 59 85 255 0 0 0 37.969688 23.740518 47.6 80.3 3.4 
20:19:12.530 81.0 7.1 -2.6 -9.8 209.0 39.8 -119.4 89.6 -7.0 87.0 31.0 127 127 69 127 59 85 255 0 0 0 37.969688 23.740518 82.6 80.3 3.4 
20:19:13.037 81.0 7.1 2.6 2.9 203.0 57.5 -119.4 83.6 -1.0 86.0 31.0 127 127 69 127 59 85 255 0 0 0 37.969688 23.740518 82.6 80.3 3.4 
20:19:13.543 79.0 7.1 2.4 3.0 198.0 80.2 -119.4 78.6 4.0 86.0 31.0 127 127 69 127 59 85 255 0 0 0 37.969688 23.740518 82.6 80.3 3.4 
20:19:14.052 79.0 7.1 2.0 -1.4 196.0 68.7 -119.4 76.6 6.0 85.0 31.0 127 127 69 127 59 85 255 0 0 0 37.969688 23.740518 82.6 80.3 3.4 
20:19:14.559 82.0 7.2 2.3 -0.0 197.0 61.3 -119.4 77.6 5.0 86.0 31.0 127 127 69 127 59 85 255 0 0 0 37.969688 23.740518 82.6 80.3 3.4 
20:19:15.070 82.0 7.2 3.0 2.1 195.0 63.5 -119.4 75.6 7.0 85.0 31.0 127 127 69 127 59 85 255 0 0 0 37.969688 23.740518 82.6 80.3 3.4 
20:19:15.577 81.0 7.1 3.9 -0.5 195.0 51.5 -119.4 75.6 4.0 86.0 35.0 127 127 69 127 59 85 255 0 0 255 37.969688 23.740518 80.3 80.3 3.4 
20:19:16.085 81.0 7.1 -3.0 -18.4 232.0 79.4 -119.4 110.6 46.0 56.0 0 127 127 69 127 59 85 255 0 0 255 37.969818 23.740491 157.4 157.4 14.8 
20:19:16.593 82.0 7.2 -5.1 -0.3 275.0 140.9 -119.4 155.6 1.0 86.0 0 127 127 69 127 59 85 255 0 0 255 37.969818 23.740491 157.4 157.4 14.8 
20:19:17.102 82.0 7.2 -2.9 2.4 275.0 142.1 -119.4 155.6 1.0 86.0 0 127 127 69 127 59 85 255 0 0 255 37.969818 23.740491 157.4 157.4 14.8 
20:19:17.610 84.0 7.2 3.4 2.1 275.0 141.9 -119.4 155.6 1.0 86.0 0 127 127 69 127 59 85 255 0 0 255 37.969818 23.740491 157.4 157.4 14.8 
20:19:18.117 84.0 7.2 3.8 2.2 275.0 141.2 -119.4 155.6 1.0 86.0 0 127 127 69 127 59 85 255 0 0 255 37.969818 23.740491 157.4 157.4 14.8 
20:19:18.625 86.0 7.2 3.8 2.2 275.0 140.3 -119.4 155.6 1.0 86.0 0 127 127 69 127 59 85 255 0 0 255 37.969818 23.740491 157.4 157.4 14.8 
20:19:19.131 86.0 7.2 3.8 2.2 275.0 141.0 -119.4 155.6 1.0 86.0 0 127 127 69 127 59 85 255 0 0 255 37.969818 23.740491 157.4 157.4 14.8 
20:19:19.638 86.0 7.2 3.8 2.1 275.0 141.2 -119.4 155.6 1.0 86.0 0 127 127 69 127 59 85 255 0 0 255 37.969818 23.740491 157.4 157.4 14.8 
20:19:20.146 86.0 7.2 3.9 2.0 275.0 142.7 -119.4 155.6 1.0 86.0 0 127 127 69 127 59 85 255 0 0 255 37.969818 23.740491 157.4 157.4 14.8 
20:19:20.658 86.0 7.2 4.3 2.0 276.0 140.6 -119.4 156.6 0 86.0 0 127 127 69 127 59 85 255 0 0 255 37.969818 23.740491 157.4 157.4 14.8 
20:19:21.167 86.0 7.2 3.9 2.1 276.0 142.7 -119.4 156.6 0 86.0 0 127 127 69 127 59 85 255 0 0 255 37.969818 23.740491 157.4 157.4 14.8 
20:19:21.676 86.0 7.2 3.8 2.2 276.0 140.5 -119.4 156.6 0 86.0 0 127 127 69 127 59 85 255 0 0 255 37.969818 23.740491 157.4 157.4 14.8 
20:19:22.184 86.0 7.2 3.8 2.1 276.0 142.1 -119.4 156.6 0 86.0 0 127 127 69 127 59 85 255 0 0 255 37.969818 23.740491 157.4 157.4 14.8 
20:19:22.693 86.0 7.2 3.9 2.1 276.0 141.2 -119.4 156.6 0 86.0 0 127 127 69 127 59 85 255 0 0 255 37.969818 23.740491 157.4 157.4 14.8 
20:19:23.201 86.0 7.2 3.9 2.1 276.0 140.9 -119.4 156.6 0 86.0 0 127 127 69 127 59 85 255 0 0 255 37.969818 23.740491 157.4 157.4 14.8 
20:19:23.708 86.0 7.2 3.9 2.1 276.0 141.4 -119.4 156.6 0 86.0 0 127 127 69 127 59 85 255 0 0 255 37.969818 23.740491 157.4 157.4 14.8 
20:19:24.216 86.0 7.2 8.8 1.7 276.0 139.4 -119.4 156.6 0 86.0 35.0 127 127 69 127 59 85 255 0 0 255 37.969818 23.740491 157.4 157.4 14.8 
20:19:24.724 63.0 6.9 7.6 1.5 275.0 139.7 -119.4 155.6 1.0 86.0 35.0 127 127 69 127 59 85 255 0 0 255 37.969818 23.740491 157.4 157.4 14.8 
20:19:25.232 63.0 6.9 6.0 2.8 273.0 133.8 -119.4 153.6 3.0 86.0 35.0 127 127 69 127 59 85 255 0 0 255 37.969818 23.740491 157.4 157.4 14.8 
20:19:25.738 82.0 7.2 6.2 4.1 271.0 125.3 -119.4 151.6 5.0 86.0 35.0 127 127 69 127 59 85 255 0 0 255 37.969818 23.740491 157.4 157.4 14.8 
20:19:26.247 82.0 7.2 5.5 1.2 271.0 129.9 -119.4 151.6 5.0 86.0 35.0 127 127 69 127 59 85 255 0 0 255 37.969818 23.740491 157.4 157.4 14.8 
20:19:26.757 79.0 7.1 1.9 0.8 270.0 141.5 -119.4 150.6 6.0 85.0 0 127 127 69 127 59 85 255 0 0 255 37.969818 23.740491 157.4 157.4 14.8 
20:19:27.267 79.0 7.1 -3.6 1.8 271.0 129.0 -119.4 151.6 5.0 86.0 0 127 127 69 127 59 85 255 0 0 255 37.969818 23.740491 157.4 157.4 14.8 
20:19:27.773 86.0 7.2 1.9 1.1 271.0 126.5 -119.4 151.6 5.0 86.0 0 127 127 69 127 59 85 255 0 0 255 37.969818 23.740491 157.4 157.4 14.8 
20:19:28.282 86.0 7.2 4.0 1.1 271.0 125.9 -119.4 151.6 5.0 86.0 0 127 127 69 127 59 85 255 0 0 255 37.969818 23.740491 157.4 157.4 14.8 
20:19:28.789 86.0 7.2 4.2 1.1 271.0 125.9 -119.4 151.6 5.0 86.0 0 127 127 69 127 59 85 255 0 0 255 37.969818 23.740491 157.4 157.4 14.8 
20:19:29.298 86.0 7.2 4.1 0.9 271.0 126.1 -119.4 151.6 5.0 86.0 0 127 127 69 127 59 85 255 0 0 255 37.969818 23.740491 157.4 157.4 14.8 
20:19:29.808 86.0 7.2 4.0 1.0 271.0 126.4 -119.4 151.6 5.0 86.0 0 127 127 69 127 59 85 255 0 0 255 37.969818 23.740491 157.4 157.4 14.8 
20:19:30.317 86.0 7.2 4.0 1.0 271.0 126.4 -119.4 151.6 5.0 86.0 0 127 127 69 127 59 85 255 0 0 255 37.969818 23.740491 157.4 157.4 14.8 
20:19:30.827 86.0 7.2 4.0 1.0 271.0 126.6 -119.4 151.6 5.0 86.0 0 127 127 69 127 59 85 255 0 0 255 37.969818 23.740491 157.4 157.4 14.8 
20:19:31.337 86.0 7.2 4.0 1.1 271.0 126.1 -119.4 151.6 5.0 86.0 0 127 127 69 127 59 85 255 0 0 255 37.969818 23.740491 157.4 157.4 14.8 
20:19:31.846 86.0 7.2 4.0 1.2 271.0 126.1 -119.4 151.6 12.0 82.0 0 127 127 69 127 59 85 255 0 0 255 37.969791 23.740522 163.9 163.9 10.9 
20:19:32.354 86.0 7.2 4.0 1.1 272.0 127.7 -119.4 152.6 11.0 82.0 0 127 127 69 127 59 85 255 0 0 255 37.969791 23.740522 163.9 163.9 10.9 
20:19:32.864 86.0 7.2 4.1 1.1 272.0 125.4 -119.4 152.6 11.0 82.0 0 127 127 69 127 59 85 255 0 0 255 37.969791 23.740522 163.9 163.9 10.9 
20:19:33.373 86.0 7.2 4.0 1.1 272.0 126.6 -119.4 152.6 11.0 82.0 0 127 127 69 127 59 85 255 0 0 255 37.969791 23.740522 163.9 163.9 10.9 
20:19:33.880 86.0 7.2 4.0 1.0 272.0 126.7 -119.4 152.6 11.0 82.0 0 127 127 69 127 59 85 255 0 0 255 37.969791 23.740522 163.9 163.9 10.9 
20:19:34.387 86.0 7.2 4.1 0.9 272.0 126.1 -119.4 152.6 11.0 82.0 0 127 127 69 127 59 85 255 0 0 255 37.969791 23.740522 163.9 163.9 10.9 
20:19:34.894 86.0 7.2 9.8 -1.2 275.0 130.0 -145.5 128.5 35.0 56.0 35.0 127 127 69 127 59 85 255 0 0 255 37.969791 23.740522 163.9 163.9 10.9 
20:19:35.402 86.0 7.2 8.1 0.6 303.0 163.4 -145.5 157.5 6.0 85.0 35.0 127 127 69 127 59 85 255 0 0 255 37.969791 23.740522 163.9 163.9 10.9 
20:19:35.912 79.0 7.1 6.0 2.6 303.0 161.5 -145.5 157.5 6.0 85.0 35.0 127 127 69 127 59 85 255 0 0 255 37.969791 23.740522 163.9 163.9 10.9 
20:19:36.419 79.0 7.1 5.0 2.0 302.0 145.1 -145.5 156.5 7.0 85.0 35.0 127 127 69 127 59 85 255 0 0 255 37.969791 23.740522 163.9 163.9 10.9 
20:19:36.926 81.0 7.1 5.2 2.1 302.0 150.0 -145.5 155.5 8.0 84.0 35.0 127 127 69 127 59 85 255 0 0 255 37.969791 23.740522 163.9 163.9 10.9 
20:19:37.433 81.0 7.1 -3.0 4.5 302.0 140.4 -145.5 156.5 7.0 85.0 0 127 127 69 127 59 85 255 0 0 255 37.969791 23.740522 163.9 163.9 10.9 
20:19:37.943 84.0 7.2 -3.9 3.6 303.0 151.3 -145.5 157.5 6.0 85.0 0 127 127 69 127 59 85 255 0 0 255 37.969791 23.740522 163.9 163.9 10.9 
20:19:38.450 84.0 7.2 1.3 3.4 303.0 136.4 -145.5 157.5 6.0 85.0 0 127 127 69 127 59 85 255 0 0 255 37.969791 23.740522 163.9 163.9 10.9 
20:19:38.960 86.0 7.2 2.8 3.3 303.0 137.6 -145.5 157.5 4.0 86.0 0 127 127 69 127 59 85 255 0 0 255 37.969760 23.740530 161.6 161.6 7.4 
20:19:39.470 86.0 7.2 2.9 3.2 303.0 136.6 -145.5 157.5 4.0 86.0 0 127 127 69 127 59 85 255 0 0 255 37.969760 23.740530 161.6 161.6 7.4 
20:19:39.978 86.0 7.2 2.9 3.4 303.0 136.5 -145.5 157.5 4.0 86.0 0 127 127 69 127 59 85 255 0 0 255 37.969760 23.740530 161.6 161.6 7.4 
20:19:40.485 86.0 7.2 2.9 3.2 303.0 136.9 -145.5 157.5 4.0 86.0 0 127 127 69 127 59 85 255 0 0 255 37.969760 23.740530 161.6 161.6 7.4 
20:19:40.995 86.0 7.2 2.9 3.4 304.0 136.7 -145.5 158.5 3.0 86.0 0 127 127 69 127 59 85 255 0 0 255 37.969760 23.740530 161.6 161.6 7.4 
20:19:41.502 86.0 7.2 2.9 3.4 304.0 136.8 -145.5 158.5 3.0 86.0 0 127 127 69 127 59 85 255 0 0 255 37.969760 23.740530 161.6 161.6 7.4 
20:19:42.010 86.0 7.2 2.8 3.4 304.0 137.0 -145.5 158.5 3.0 86.0 0 127 127 69 127 59 85 255 0 0 255 37.969760 23.740530 161.6 161.6 7.4 
20:19:42.519 86.0 7.2 2.9 3.4 304.0 136.6 -145.5 158.5 3.0 86.0 0 127 127 69 127 59 85 255 0 0 255 37.969760 23.740530 161.6 161.6 7.4 
20:19:43.025 86.0 7.2 2.8 3.4 304.0 137.0 -145.5 158.5 3.0 86.0 0 127 127 69 127 59 85 255 0 0 255 37.969760 23.740530 161.6 161.6 7.4 
20:19:43.533 86.0 7.2 2.8 3.5 304.0 137.2 -145.5 158.5 3.0 86.0 0 127 127 69 127 59 85 255 0 0 255 37.969760 23.740530 161.6 161.6 7.4 
20:19:44.041 86.0 7.2 2.9 3.4 304.0 137.3 -145.5 158.5 3.0 86.0 0 127 127 69 127 59 85 255 0 0 255 37.969760 23.740530 161.6 161.6 7.4 
20:19:44.549 86.0 7.2 2.9 3.3 304.0 135.9 -166.7 137.3 24.0 67.0 0 127 127 69 127 59 85 255 0 0 255 37.969760 23.740530 161.6 161.6 7.4 
20:19:45.058 86.0 7.2 2.9 3.4 305.0 134.1 -166.7 138.3 23.0 69.0 35.0 127 127 69 127 59 85 255 0 0 255 37.969760 23.740530 161.6 161.6 7.4 
20:19:45.565 86.0 7.2 10.6 0.3 318.0 160.8 -166.7 151.3 10.0 82.0 35.0 127 127 69 127 59 85 255 0 0 255 37.969760 23.740530 161.6 161.6 7.4 
20:19:46.072 81.0 7.1 6.3 3.5 319.0 170.5 -166.7 152.3 8.0 84.0 35.0 127 127 69 127 59 85 255 0 0 255 37.969757 23.740530 161.1 161.1 7.2 
20:19:46.580 81.0 7.1 4.9 5.2 320.0 163.6 -166.7 153.3 7.0 85.0 35.0 127 127 69 127 59 85 255 0 0 255 37.969757 23.740530 161.1 161.1 7.2 
20:19:47.086 81.0 7.1 5.6 3.1 321.0 149.2 -166.7 154.3 6.0 85.0 35.0 127 127 69 127 59 85 255 0 0 255 37.969757 23.740530 161.1 161.1 7.2 
20:19:47.594 81.0 7.1 4.9 2.7 319.0 153.6 -166.7 152.3 0 86.0 0 127 127 69 127 59 85 255 0 0 255 37.969738 23.740528 153.1 153.1 5.5 
20:19:48.100 79.0 7.1 -2.7 5.0 316.0 163.8 -166.7 149.3 3.0 86.0 0 127 127 69 127 59 85 255 0 0 255 37.969738 23.740528 153.1 153.1 5.5 
20:19:48.609 79.0 7.1 -4.4 3.2 314.0 163.2 -166.7 147.3 5.0 86.0 0 127 127 69 127 59 85 255 0 0 255 37.969738 23.740528 153.1 153.1 5.5 
20:19:49.117 86.0 7.2 2.9 2.6 314.0 165.9 -166.7 147.3 5.0 86.0 0 127 127 69 127 59 85 255 0 0 255 37.969738 23.740528 153.1 153.1 5.5 
20:19:49.626 86.0 7.2 3.6 2.7 314.0 165.8 -166.7 147.3 5.0 86.0 0 127 127 69 127 59 85 255 0 0 255 37.969738 23.740528 153.1 153.1 5.5 
20:19:50.135 86.0 7.2 3.7 2.7 315.0 165.7 -166.7 148.3 4.0 86.0 0 127 127 69 127 59 85 255 0 0 255 37.969738 23.740528 153.1 153.1 5.5 
20:19:50.642 86.0 7.2 3.7 2.5 315.0 165.6 -166.7 148.3 4.0 86.0 0 127 127 69 127 59 85 255 0 0 255 37.969738 23.740528 153.1 153.1 5.5 
20:19:51.150 86.0 7.2 3.7 2.7 315.0 166.4 -166.7 148.3 4.0 86.0 0 127 127 69 127 59 85 255 0 0 255 37.969738 23.740528 153.1 153.1 5.5 
20:19:51.658 86.0 7.2 3.6 2.6 315.0 165.7 -166.7 148.3 4.0 86.0 0 127 127 69 127 59 85 255 0 0 255 37.969738 23.740528 153.1 153.1 5.5 
20:19:52.168 86.0 7.2 3.7 2.6 315.0 167.1 -166.7 148.3 4.0 86.0 0 127 127 69 127 59 85 255 0 0 255 37.969738 23.740528 153.1 153.1 5.5 
20:19:52.676 86.0 7.2 3.7 2.6 315.0 166.5 -166.7 148.3 4.0 86.0 0 127 127 69 127 59 85 255 0 0 255 37.969738 23.740528 153.1 153.1 5.5 
20:19:53.184 86.0 7.2 3.7 2.6 315.0 165.9 -166.7 148.3 4.0 86.0 0 127 127 69 127 59 85 255 0 0 255 37.969738 23.740528 153.1 153.1 5.5 
20:19:53.690 86.0 7.2 3.7 2.6 315.0 166.4 -166.7 148.3 4.0 86.0 0 127 127 69 127 59 85 255 0 0 255 37.969738 23.740528 153.1 153.1 5.5 
20:19:54.199 86.0 7.2 3.7 2.6 316.0 165.3 -166.7 149.3 3.0 86.0 0 127 127 69 127 59 85 255 0 0 255 37.969738 23.740528 153.1 153.1 5.5 
20:19:54.710 86.0 7.2 3.8 2.7 316.0 165.8 -149.8 166.2 -21.0 100.0 0 127 127 69 127 59 85 255 0 0 255 37.969726 23.740528 145.2 145.2 4.4 
20:19:55.218 86.0 7.2 3.6 2.7 316.0 165.3 -149.8 166.2 -21.0 100.0 0 127 127 69 127 59 85 255 0 0 255 37.969726 23.740528 145.2 145.2 4.4 
20:19:55.728 86.0 7.2 3.1 2.1 316.0 173.6 -149.8 166.2 -21.0 100.0 35.0 127 127 69 127 59 85 255 0 0 255 37.969726 23.740528 145.2 145.2 4.4 
20:19:56.236 58.0 6.8 8.1 3.5 303.0 139.9 -149.8 154.2 -9.0 88.0 35.0 127 127 69 127 59 85 255 0 0 255 37.969726 23.740528 145.2 145.2 4.4 
20:19:56.744 58.0 6.8 7.0 3.4 300.0 133.3 -149.8 150.2 -5.0 87.0 35.0 127 127 69 127 59 85 255 0 0 255 37.969726 23.740528 145.2 145.2 4.4 
20:19:57.253 81.0 7.1 7.6 3.8 300.0 139.1 -149.8 150.2 -5.0 86.0 35.0 127 127 69 127 59 85 255 0 0 255 37.969726 23.740528 145.2 145.2 4.4 
20:19:57.763 81.0 7.1 7.3 5.4 300.0 144.2 -149.8 150.2 -5.0 86.0 35.0 127 127 69 127 59 85 255 0 0 255 37.969726 23.740528 145.2 145.2 4.4 
20:19:58.271 82.0 7.2 2.5 4.0 301.0 146.1 -149.8 151.2 -6.0 87.0 0 127 127 69 127 59 85 255 0 0 255 37.969726 23.740528 145.2 145.2 4.4 
20:19:58.780 82.0 7.2 -3.5 3.0 300.0 139.5 -149.8 150.2 -5.0 86.0 0 127 127 69 127 59 85 255 0 0 255 37.969726 23.740528 145.2 145.2 4.4 
20:19:59.287 86.0 7.2 -2.3 2.0 301.0 150.2 -149.8 151.2 -6.0 87.0 0 127 127 69 127 59 85 255 0 0 255 37.969726 23.740528 145.2 145.2 4.4 
20:19:59.796 86.0 7.2 3.6 1.8 301.0 149.4 -149.8 151.2 -6.0 87.0 0 127 127 69 127 59 85 255 0 0 255 37.969726 23.740528 145.2 145.2 4.4 
20:20:00.302 86.0 7.2 3.9 1.6 301.0 149.5 -149.8 151.2 -6.0 87.0 0 127 127 69 127 59 85 255 0 0 255 37.969726 23.740528 145.2 145.2 4.4 
20:20:00.810 86.0 7.2 3.9 1.7 301.0 149.9 -149.8 151.2 -6.0 87.0 0 127 127 69 127 59 85 255 0 0 255 37.969726 23.740528 145.2 145.2 4.4 
20:20:01.321 86.0 7.2 3.9 1.6 301.0 151.5 -149.8 151.2 -6.0 87.0 0 127 127 69 127 59 85 255 0 0 255 37.969726 23.740528 145.2 145.2 4.4 
20:20:01.830 86.0 7.2 3.8 1.6 301.0 151.1 -149.8 151.2 -6.0 87.0 0 127 127 69 127 59 85 255 0 0 255 37.969726 23.740528 145.2 145.2 4.4 
20:20:02.342 88.0 7.2 3.8 1.6 302.0 150.5 -149.8 152.2 -7.0 87.0 0 127 127 69 127 59 85 255 0 0 255 37.969726 23.740528 145.2 145.2 4.4 
20:20:02.854 86.0 7.2 3.8 1.7 302.0 149.4 -149.8 152.2 -7.0 87.0 0 127 127 69 127 59 85 255 0 0 255 37.969726 23.740528 145.2 145.2 4.4 
20:20:03.361 86.0 7.2 3.9 1.5 302.0 149.5 -149.8 152.2 -7.0 87.0 0 127 127 69 127 59 85 255 0 0 255 37.969726 23.740528 145.2 145.2 4.4 
20:20:03.870 86.0 7.2 3.8 1.7 302.0 151.3 -149.8 152.2 -7.0 87.0 0 127 127 69 127 59 85 255 0 0 255 37.969726 23.740528 145.2 145.2 4.4 
20:20:04.377 86.0 7.2 3.8 1.8 302.0 151.1 -149.8 152.2 -7.0 87.0 0 127 127 69 127 59 85 255 0 0 255 37.969726 23.740528 145.2 145.2 4.4 
20:20:04.884 86.0 7.2 3.8 1.7 302.0 149.6 -152.1 149.9 -4.0 86.0 0 127 127 69 127 59 85 255 0 0 255 37.969726 23.740528 145.2 145.2 4.4 
20:20:05.395 86.0 7.2 3.8 1.7 302.0 149.8 -152.1 149.9 -4.0 86.0 0 127 127 69 127 59 85 255 0 0 255 37.969726 23.740528 145.2 145.2 4.4 
20:20:05.904 86.0 7.2 3.8 1.7 302.0 150.6 -152.1 149.9 -4.0 86.0 0 127 127 69 127 59 85 255 0 0 255 37.969726 23.740528 145.2 145.2 4.4 
20:20:06.412 86.0 7.2 9.7 1.1 303.0 140.1 -152.1 150.9 -5.0 86.0 35.0 127 127 69 127 59 85 255 0 0 255 37.969726 23.740528 145.2 145.2 4.4 
20:20:06.919 81.0 7.1 6.0 3.0 303.0 144.4 -152.1 150.9 -5.0 86.0 35.0 127 127 69 127 59 85 255 0 0 255 37.969726 23.740528 145.2 145.2 4.4 
20:20:07.426 81.0 7.1 7.7 2.0 301.0 133.6 -152.1 149.9 -4.0 86.0 35.0 127 127 69 127 59 85 255 0 0 255 37.969726 23.740528 145.2 145.2 4.4 
20:20:07.935 81.0 7.1 6.1 2.1 301.0 129.5 -152.1 148.9 -3.0 86.0 35.0 127 127 69 127 59 85 255 0 0 255 37.969726 23.740528 145.2 145.2 4.4 
20:20:08.443 81.0 7.1 5.1 1.1 301.0 135.0 -152.1 148.9 -3.0 86.0 35.0 127 127 69 127 59 85 255 0 0 255 37.969726 23.740528 145.2 145.2 4.4 
20:20:08.951 86.0 7.2 -2.0 2.7 302.0 129.3 -152.1 149.9 -4.0 86.0 0 127 127 69 127 59 85 255 0 0 255 37.969726 23.740528 145.2 145.2 4.4 
20:20:09.458 86.0 7.2 -4.1 2.9 302.0 148.1 -152.1 149.9 -4.0 86.0 0 127 127 69 127 59 85 255 0 0 255 37.969726 23.740528 145.2 145.2 4.4 
20:20:09.969 86.0 7.2 2.7 2.1 302.0 124.3 -152.1 149.9 -4.0 86.0 0 127 127 69 127 59 85 255 0 0 255 37.969726 23.740528 145.2 145.2 4.4 
20:20:10.476 86.0 7.2 3.2 1.9 302.0 124.4 -152.1 149.9 -4.0 86.0 0 127 127 69 127 59 85 255 0 0 255 37.969726 23.740528 145.2 145.2 4.4 
20:20:10.987 86.0 7.2 3.3 2.1 303.0 125.0 -152.1 150.9 -5.0 86.0 0 127 127 69 127 59 85 255 0 0 255 37.969726 23.740528 145.2 145.2 4.4 
20:20:11.496 86.0 7.2 3.2 2.1 303.0 124.3 -152.1 150.9 -5.0 86.0 0 127 127 69 127 59 85 255 0 0 255 37.969726 23.740528 145.2 145.2 4.4 
20:20:12.004 86.0 7.2 3.3 2.0 303.0 124.0 -152.1 150.9 -5.0 86.0 0 127 127 69 127 59 85 255 0 0 255 37.969726 23.740528 145.2 145.2 4.4 
20:20:12.514 86.0 7.2 3.2 2.1 303.0 125.2 -152.1 150.9 -5.0 86.0 0 127 127 69 127 59 85 255 0 0 255 37.969726 23.740528 145.2 145.2 4.4 
20:20:13.023 86.0 7.2 3.3 2.0 303.0 125.5 -152.1 150.9 -5.0 86.0 0 127 127 69 127 59 85 255 0 0 255 37.969726 23.740528 145.2 145.2 4.4 
20:20:13.533 86.0 7.2 3.3 2.0 303.0 124.3 -152.1 150.9 -5.0 86.0 0 127 127 69 127 59 85 255 0 0 255 37.969726 23.740528 145.2 145.2 4.4 
20:20:14.040 88.0 7.2 3.3 2.0 303.0 124.6 -152.1 150.9 -5.0 86.0 0 127 127 69 127 59 85 255 0 0 255 37.969726 23.740528 145.2 145.2 4.4 
20:20:14.549 88.0 7.2 3.3 2.0 303.0 123.5 -178.3 124.7 20.0 73.0 0 127 127 69 127 59 85 255 0 0 255 37.969726 23.740528 145.2 145.2 4.4 
20:20:15.061 86.0 7.2 3.3 2.2 304.0 120.7 -178.3 125.7 19.0 74.0 0 127 127 69 127 59 85 255 0 0 255 37.969726 23.740528 145.2 145.2 4.4 
20:20:15.569 86.0 7.2 3.2 2.1 304.0 120.2 -178.3 125.7 19.0 74.0 0 127 127 69 127 59 85 255 0 0 255 37.969726 23.740528 145.2 145.2 4.4 
20:20:16.078 86.0 7.2 3.4 2.0 303.0 123.3 -178.3 124.7 -124.0 116.0 0 127 127 69 127 59 85 255 0 0 255 37.969673 23.740556 0 0 1.9 
20:20:16.586 86.0 7.2 3.3 1.9 304.0 124.4 -178.3 125.7 -125.0 116.0 0 127 127 69 127 59 85 255 0 0 255 37.969673 23.740556 0 0 1.9 
20:20:17.092 72.0 7.0 10.0 6.7 285.0 111.1 -178.3 107.7 -107.0 116.0 35.0 127 127 69 127 59 85 255 0 0 255 37.969673 23.740556 0 0 1.9 
20:20:17.600 72.0 7.0 3.4 11.3 225.0 83.5 -178.3 48.7 -48.0 116.0 35.0 127 127 69 127 59 85 255 0 0 255 37.969673 23.740556 0 0 1.9 
20:20:18.108 61.0 6.9 3.6 3.0 178.0 21.1 -178.3 359.7 1.0 86.0 35.0 127 127 69 127 59 85 255 0 0 255 37.969673 23.740556 0 0 1.9 
20:20:18.615 61.0 6.9 4.4 1.6 177.0 35.5 -178.3 358.7 2.0 86.0 35.0 127 127 69 127 59 85 255 0 0 255 37.969673 23.740556 0 0 1.9 
20:20:19.124 79.0 7.1 3.2 1.7 177.0 40.2 -178.3 358.7 2.0 86.0 0 127 127 69 127 59 85 255 0 0 255 37.969673 23.740556 0 0 1.9 
20:20:19.631 79.0 7.1 -4.8 0.6 178.0 19.2 -178.3 359.7 1.0 86.0 0 127 127 69 127 59 85 255 0 0 255 37.969673 23.740556 0 0 1.9 
20:20:20.139 86.0 7.2 -4.9 1.0 179.0 5.0 -178.3 0.7 0 86.0 0 127 127 69 127 59 85 255 0 0 255 37.969673 23.740556 0 0 1.9 
20:20:20.651 86.0 7.2 -4.1 0.4 179.0 15.5 -178.3 0.7 0 86.0 0 127 127 69 127 59 85 255 0 0 255 37.969673 23.740556 0 0 1.9 
20:20:21.160 86.0 7.2 -3.4 0.5 179.0 29.4 -178.3 0.7 0 86.0 0 127 127 69 127 59 85 255 0 0 255 37.969673 23.740556 0 0 1.9 
20:20:21.670 86.0 7.2 0.8 0.4 179.0 29.6 -178.3 0.7 0 86.0 0 127 127 69 127 59 85 255 0 0 255 37.969673 23.740556 0 0 1.9 
20:20:22.179 86.0 7.2 1.0 0.2 180.0 29.8 -178.3 1.7 -1.0 86.0 0 127 127 69 127 59 85 255 0 0 255 37.969673 23.740556 0 0 1.9 
20:20:22.686 86.0 7.2 1.1 0.2 180.0 30.7 -178.3 1.7 -117.0 116.0 0 127 127 69 127 59 85 255 0 0 255 37.969699 23.740585 245.6 245.6 2.8 
20:20:23.193 86.0 7.2 1.0 0.4 180.0 29.4 -178.3 1.7 -117.0 116.0 0 127 127 69 127 59 85 255 0 0 255 37.969699 23.740585 245.6 245.6 2.8 
20:20:23.702 86.0 7.2 1.0 0.4 180.0 29.0 -178.3 1.7 -117.0 116.0 0 127 127 69 127 59 85 255 0 0 255 37.969699 23.740585 245.6 245.6 2.8 
20:20:24.213 86.0 7.2 1.0 0.5 180.0 28.7 -178.3 1.7 -117.0 116.0 0 127 127 69 127 59 85 255 0 0 255 37.969699 23.740585 245.6 245.6 2.8 
20:20:24.720 86.0 7.2 1.0 0.5 180.0 30.2 -152.3 27.7 -143.0 116.0 0 127 127 69 127 59 85 255 0 0 255 37.969699 23.740585 245.6 245.6 2.8 
20:20:25.227 86.0 7.2 1.1 0.3 180.0 29.1 -152.3 27.7 -143.0 116.0 0 127 127 69 127 59 85 255 0 0 255 37.969699 23.740585 245.6 245.6 2.8 
20:20:25.735 86.0 7.2 1.1 0.3 180.0 29.0 -152.3 27.7 -143.0 116.0 0 127 127 69 127 59 85 255 0 0 255 37.969699 23.740585 245.6 245.6 2.8 
20:20:26.243 86.0 7.2 1.0 0.4 180.0 29.1 -152.3 27.7 -143.0 116.0 0 127 127 69 127 59 85 255 0 0 255 37.969699 23.740585 245.6 245.6 2.8 
20:20:26.752 86.0 7.2 1.0 0.4 180.0 29.7 -152.3 27.7 -143.0 116.0 0 127 127 69 127 59 85 255 0 0 255 37.969699 23.740585 245.6 245.6 2.8 
20:20:27.260 86.0 7.2 1.5 0.6 180.0 39.2 -152.3 27.7 -143.0 116.0 35.0 127 127 69 127 59 85 255 0 0 255 37.969699 23.740585 245.6 245.6 2.8 
20:20:27.770 86.0 7.2 4.7 10.9 138.0 331.2 -152.3 347.7 -102.0 116.0 35.0 127 127 69 127 59 85 255 0 0 255 37.969699 23.740585 245.6 245.6 2.8 
20:20:28.277 75.0 7.1 -0.4 21.1 61.0 257.1 -152.3 270.7 -25.0 116.0 35.0 127 127 69 127 59 85 255 0 0 255 37.969699 23.740585 245.6 245.6 2.8 
20:20:28.784 75.0 7.1 6.6 4.9 32.0 199.2 -152.3 239.7 5.0 86.0 35.0 127 127 69 127 59 85 255 0 0 255 37.969699 23.740585 245.6 245.6 2.8 
20:20:29.294 81.0 7.1 3.6 4.6 32.0 236.3 -152.3 239.7 5.0 85.0 35.0 127 127 69 127 59 85 255 0 0 255 37.969699 23.740585 245.6 245.6 2.8 
20:20:29.803 81.0 7.1 -0.8 3.4 35.0 204.4 -152.3 242.7 2.0 86.0 0 127 127 69 127 59 85 255 0 0 255 37.969699 23.740585 245.6 245.6 2.8 
20:20:30.311 86.0 7.2 -3.9 4.2 36.0 236.2 -152.3 243.7 1.0 86.0 0 127 127 69 127 59 85 255 0 0 255 37.969699 23.740585 245.6 245.6 2.8 
20:20:30.818 86.0 7.2 -3.9 5.5 35.0 227.3 -152.3 242.7 2.0 86.0 0 127 127 69 127 59 85 255 0 0 255 37.969699 23.740585 245.6 245.6 2.8 
20:20:31.327 86.0 7.2 -2.9 4.8 35.0 226.5 -152.3 242.7 2.0 86.0 0 127 127 69 127 59 85 255 0 0 255 37.969699 23.740585 245.6 245.6 2.8 
20:20:31.835 86.0 7.2 1.4 4.1 35.0 230.3 -152.3 242.7 -175.0 116.0 0 127 127 69 127 59 85 255 0 0 255 37.969692 23.740541 66.9 66.9 1.5 
20:20:32.342 86.0 7.2 1.5 4.5 35.0 228.5 -152.3 242.7 -175.0 116.0 0 127 127 69 127 59 85 255 0 0 255 37.969692 23.740541 66.9 66.9 1.5 
20:20:32.855 86.0 7.2 1.5 4.5 35.0 226.9 -152.3 242.7 -175.0 116.0 0 127 127 69 127 59 85 255 0 0 255 37.969692 23.740541 66.9 66.9 1.5 
20:20:33.366 86.0 7.2 1.5 4.6 36.0 231.0 -152.3 243.7 -176.0 116.0 0 127 127 69 127 59 85 255 0 0 255 37.969692 23.740541 66.9 66.9 1.5 
20:20:33.877 86.0 7.2 1.6 4.4 36.0 226.8 -152.3 243.7 -176.0 116.0 0 127 127 69 127 59 85 255 0 0 255 37.969692 23.740541 66.9 66.9 1.5 
20:20:34.387 86.0 7.2 1.5 4.6 36.0 226.9 -152.3 243.7 -176.0 116.0 0 127 127 69 127 59 85 255 0 0 255 37.969692 23.740541 66.9 66.9 1.5 
20:20:34.893 86.0 7.2 1.5 4.6 36.0 227.4 190.6 226.6 -159.0 116.0 0 127 127 69 127 59 85 255 0 0 255 37.969692 23.740541 66.9 66.9 1.5 
20:20:35.403 88.0 7.2 1.6 4.4 36.0 226.9 190.6 226.6 -159.0 116.0 0 127 127 69 127 59 85 255 0 0 255 37.969692 23.740541 66.9 66.9 1.5 
20:20:35.911 88.0 7.2 1.5 4.5 36.0 227.0 190.6 226.6 -136.0 116.0 0 127 127 69 127 59 85 255 0 0 255 37.969696 23.740543 90.0 90.0 1.2 
20:20:36.420 86.0 7.2 1.6 4.4 36.0 228.2 190.6 226.6 -136.0 116.0 0 127 127 69 127 59 85 255 0 0 255 37.969696 23.740543 90.0 90.0 1.2 
20:20:36.928 86.0 7.2 1.6 4.3 36.0 226.9 190.6 226.6 -136.0 116.0 0 127 127 69 127 59 85 255 0 0 255 37.969696 23.740543 90.0 90.0 1.2 
20:20:37.435 86.0 7.2 1.5 4.4 36.0 226.5 190.6 226.6 -136.0 116.0 0 127 127 69 127 59 85 255 0 0 255 37.969696 23.740543 90.0 90.0 1.2 
20:20:37.943 86.0 7.2 11.1 6.5 30.0 212.3 190.6 221.6 -131.0 116.0 35.0 127 127 69 127 59 85 255 0 0 255 37.969696 23.740543 90.0 90.0 1.2 
20:20:38.449 81.0 7.1 3.2 12.8 336.0 170.4 190.6 167.6 -77.0 116.0 35.0 127 127 69 127 59 85 255 0 0 255 37.969696 23.740543 90.0 90.0 1.2 
20:20:38.962 81.0 7.1 2.1 12.9 271.0 125.4 190.6 103.6 -13.0 94.0 35.0 127 127 69 127 59 85 255 0 0 255 37.969696 23.740543 90.0 90.0 1.2 
20:20:39.470 79.0 7.1 5.7 1.9 260.0 96.2 190.6 90.6 0 86.0 35.0 127 127 69 127 59 85 255 0 0 255 37.969696 23.740543 90.0 90.0 1.2 
20:20:39.977 79.0 7.1 5.2 1.3 260.0 94.9 190.6 90.6 0 86.0 35.0 127 127 69 127 59 85 255 0 0 255 37.969696 23.740543 90.0 90.0 1.2 
20:20:40.485 84.0 7.2 -1.7 -0.1 261.0 105.8 190.6 91.6 -1.0 86.0 0 127 127 69 127 59 85 255 0 0 255 37.969696 23.740543 90.0 90.0 1.2 
20:20:40.994 84.0 7.2 -3.5 1.7 261.0 103.9 190.6 91.6 -1.0 86.0 0 127 127 69 127 59 85 255 0 0 255 37.969696 23.740543 90.0 90.0 1.2 
20:20:41.504 86.0 7.2 2.8 1.0 262.0 98.7 190.6 92.6 -2.0 86.0 0 127 127 69 127 59 85 255 0 0 255 37.969696 23.740543 90.0 90.0 1.2 
20:20:42.014 86.0 7.2 3.9 1.1 262.0 97.9 190.6 92.6 -2.0 86.0 0 127 127 69 127 59 85 255 0 0 255 37.969696 23.740543 90.0 90.0 1.2 
20:20:42.521 86.0 7.2 4.1 0.9 262.0 96.8 190.6 92.6 -2.0 86.0 0 127 127 69 127 59 85 255 0 0 255 37.969696 23.740543 90.0 90.0 1.2 
20:20:43.030 86.0 7.2 4.1 1.0 262.0 96.7 190.6 92.6 -138.0 116.0 0 127 127 69 127 59 85 255 0 0 255 37.969684 23.740571 314.8 314.8 1.9 
20:20:43.538 86.0 7.2 4.1 0.8 262.0 97.0 190.6 92.6 -138.0 116.0 0 127 127 69 127 59 85 255 0 0 255 37.969684 23.740571 314.8 314.8 1.9 
20:20:44.046 86.0 7.2 4.1 0.9 262.0 96.7 190.6 92.6 -138.0 116.0 0 127 127 69 127 59 85 255 0 0 255 37.969684 23.740571 314.8 314.8 1.9 
20:20:44.554 86.0 7.2 4.1 1.0 262.0 97.2 -163.7 98.3 -144.0 116.0 0 127 127 69 127 59 85 255 0 0 255 37.969684 23.740571 314.8 314.8 1.9 
20:20:45.063 86.0 7.2 4.1 0.9 262.0 97.6 -163.7 98.3 -144.0 116.0 0 127 127 69 127 59 85 255 0 0 255 37.969684 23.740571 314.8 314.8 1.9 
20:20:45.575 86.0 7.2 4.0 1.1 262.0 96.7 -163.7 98.3 -144.0 116.0 0 127 127 69 127 59 85 255 0 0 255 37.969684 23.740571 314.8 314.8 1.9 
20:20:46.083 86.0 7.2 4.0 1.1 262.0 97.6 -163.7 98.3 -144.0 116.0 0 127 127 69 127 59 85 255 0 0 255 37.969684 23.740571 314.8 314.8 1.9 
20:20:46.593 86.0 7.2 4.1 1.0 263.0 97.7 -163.7 99.3 -145.0 116.0 0 127 127 69 127 59 85 255 0 0 255 37.969684 23.740571 314.8 314.8 1.9 
20:20:47.104 86.0 7.2 4.0 1.1 263.0 98.1 -163.7 99.3 -145.0 116.0 0 127 127 69 127 59 85 255 0 0 255 37.969684 23.740571 314.8 314.8 1.9 
20:20:47.612 86.0 7.2 4.0 1.1 263.0 96.6 -163.7 99.3 -145.0 116.0 0 127 127 69 127 59 85 255 0 0 255 37.969684 23.740571 314.8 314.8 1.9 
20:20:48.118 86.0 7.2 4.1 1.0 263.0 97.7 -163.7 99.3 -145.0 116.0 0 127 127 69 127 59 85 255 0 0 255 37.969684 23.740571 314.8 314.8 1.9 
20:20:48.626 79.0 7.1 10.8 5.7 248.0 77.1 -163.7 85.3 -131.0 116.0 35.0 127 127 69 127 59 85 255 0 0 255 37.969684 23.740571 314.8 314.8 1.9 
20:20:49.136 79.0 7.1 3.7 11.9 190.0 16.9 -163.7 28.3 -74.0 116.0 35.0 127 127 69 127 59 85 255 0 0 255 37.969684 23.740571 314.8 314.8 1.9 
20:20:49.642 81.0 7.1 2.3 14.1 116.0 326.9 -163.7 312.3 -34.0 86.0 35.0 127 127 69 127 59 85 255 0 0 255 37.969696 23.740571 278.1 278.1 1.4 
20:20:50.151 81.0 7.1 2.8 10.6 75.0 282.5 -163.7 271.3 6.0 85.0 35.0 127 127 69 127 59 85 255 0 0 255 37.969696 23.740571 278.1 278.1 1.4 
20:20:50.661 81.0 7.1 3.3 5.0 78.0 281.6 -163.7 274.3 3.0 86.0 0 127 127 69 127 59 85 255 0 0 255 37.969696 23.740571 278.1 278.1 1.4 
20:20:51.168 81.0 7.1 -4.7 3.0 79.0 266.8 -163.7 275.3 2.0 86.0 0 127 127 69 127 59 85 255 0 0 255 37.969696 23.740571 278.1 278.1 1.4 
20:20:51.675 86.0 7.2 -4.4 5.1 79.0 285.7 -163.7 275.3 2.0 86.0 0 127 127 69 127 59 85 255 0 0 255 37.969696 23.740571 278.1 278.1 1.4 
20:20:52.183 86.0 7.2 -4.2 5.6 79.0 288.8 -163.7 275.3 2.0 86.0 0 127 127 69 127 59 85 255 0 0 255 37.969696 23.740571 278.1 278.1 1.4 
20:20:52.692 86.0 7.2 -4.3 4.9 79.0 282.0 -163.7 275.3 -146.0 116.0 0 127 127 69 127 59 85 255 0 0 255 37.969707 23.740537 128.5 128.5 2.1 
20:20:53.202 86.0 7.2 -0.3 4.7 77.0 270.0 -163.7 273.3 -144.0 116.0 0 127 127 69 127 59 85 255 0 0 255 37.969707 23.740537 128.5 128.5 2.1 
20:20:53.712 86.0 7.2 0.5 4.7 77.0 270.4 -163.7 273.3 -144.0 116.0 0 127 127 69 127 59 85 255 0 0 255 37.969707 23.740537 128.5 128.5 2.1 
20:20:54.221 86.0 7.2 0.5 4.6 77.0 270.9 -163.7 273.3 -144.0 116.0 0 127 127 69 127 59 85 255 0 0 255 37.969707 23.740537 128.5 128.5 2.1 
20:20:54.729 86.0 7.2 0.6 4.7 77.0 271.2 196.2 273.2 -144.0 116.0 0 127 127 69 127 59 85 255 0 0 255 37.969707 23.740537 128.5 128.5 2.1 
20:20:55.237 86.0 7.2 0.5 4.8 77.0 271.3 196.2 273.2 -144.0 116.0 0 127 127 69 127 59 85 255 0 0 255 37.969707 23.740537 128.5 128.5 2.1 
20:20:55.744 86.0 7.2 0.6 4.7 78.0 271.4 196.2 274.2 -145.0 116.0 0 127 127 69 127 59 85 255 0 0 255 37.969707 23.740537 128.5 128.5 2.1 
20:20:56.252 86.0 7.2 0.5 4.6 78.0 271.3 196.2 274.2 -145.0 116.0 0 127 127 69 127 59 85 255 0 0 255 37.969707 23.740537 128.5 128.5 2.1 
20:20:56.758 86.0 7.2 0.6 4.6 78.0 270.6 196.2 274.2 -145.0 116.0 0 127 127 69 127 59 85 255 0 0 255 37.969707 23.740537 128.5 128.5 2.1 
20:20:57.265 86.0 7.2 0.5 4.6 78.0 271.3 196.2 274.2 -145.0 116.0 0 127 127 69 127 59 85 255 0 0 255 37.969707 23.740537 128.5 128.5 2.1 
20:20:57.772 86.0 7.2 0.5 4.7 78.0 272.5 196.2 274.2 -145.0 116.0 0 127 127 69 127 59 85 255 0 0 255 37.969707 23.740537 128.5 128.5 2.1 
20:20:58.281 86.0 7.2 0.5 4.7 78.0 272.0 196.2 274.2 -145.0 116.0 0 127 127 69 127 59 85 255 0 0 255 37.969707 23.740537 128.5 128.5 2.1 
20:20:58.790 86.0 7.2 3.6 5.4 77.0 279.8 196.2 273.2 -144.0 116.0 35.0 127 127 69 127 59 85 255 0 0 255 37.969707 23.740537 128.5 128.5 2.1 
20:20:59.297 86.0 7.2 3.3 14.0 26.0 207.4 196.2 223.2 -94.0 116.0 35.0 127 127 69 127 59 85 255 0 0 255 37.969707 23.740537 128.5 128.5 2.1 
20:20:59.806 81.0 7.1 0.2 19.6 315.0 145.9 196.2 153.2 -24.0 116.0 35.0 127 127 69 127 59 85 255 0 0 255 37.969707 23.740537 128.5 128.5 2.1 
20:21:00.312 81.0 7.1 6.0 3.2 293.0 119.7 196.2 129.2 0 86.0 35.0 127 127 69 127 59 85 255 0 0 255 37.969707 23.740537 128.5 128.5 2.1 
20:21:00.820 68.0 7.0 5.1 1.6 292.0 131.2 196.2 128.2 0 86.0 35.0 127 127 69 127 59 85 255 0 0 255 37.969707 23.740537 128.5 128.5 2.1 
20:21:01.328 68.0 7.0 3.2 2.6 291.0 138.5 196.2 127.2 1.0 86.0 0 127 127 69 127 59 85 255 0 0 255 37.969707 23.740537 128.5 128.5 2.1 
20:21:01.837 86.0 7.2 -3.3 2.2 291.0 126.6 196.2 127.2 1.0 86.0 0 127 127 69 127 59 85 255 0 0 255 37.969707 23.740537 128.5 128.5 2.1 
20:21:02.347 86.0 7.2 -0.8 1.8 292.0 139.7 196.2 128.2 0 86.0 0 127 127 69 127 59 85 255 0 0 255 37.969707 23.740537 128.5 128.5 2.1 
20:21:02.855 86.0 7.2 3.5 1.7 291.0 138.6 196.2 127.2 -81.0 116.0 0 127 127 69 127 59 85 255 0 0 255 37.969684 23.740543 45.8 45.8 1.6 
20:21:03.361 86.0 7.2 3.9 1.5 292.0 138.0 196.2 128.2 -82.0 116.0 0 127 127 69 127 59 85 255 0 0 255 37.969684 23.740543 45.8 45.8 1.6 
20:21:03.870 86.0 7.2 3.9 1.4 292.0 138.1 196.2 128.2 -82.0 116.0 0 127 127 69 127 59 85 255 0 0 255 37.969684 23.740543 45.8 45.8 1.6 
20:21:04.379 86.0 7.2 3.8 1.7 292.0 138.3 196.2 128.2 -82.0 116.0 0 127 127 69 127 59 85 255 0 0 255 37.969684 23.740543 45.8 45.8 1.6 
20:21:04.888 86.0 7.2 3.8 1.7 292.0 138.1 -153.6 138.4 -92.0 116.0 0 127 127 69 127 59 85 255 0 0 255 37.969684 23.740543 45.8 45.8 1.6 
20:21:05.396 86.0 7.2 3.8 1.6 292.0 138.3 -153.6 138.4 -92.0 116.0 0 127 127 69 127 59 85 255 0 0 255 37.969684 23.740543 45.8 45.8 1.6 
20:21:05.905 86.0 7.2 3.8 1.7 292.0 137.5 -153.6 138.4 -92.0 116.0 0 127 127 69 127 59 85 255 0 0 255 37.969684 23.740543 45.8 45.8 1.6 
20:21:06.414 86.0 7.2 3.8 1.7 292.0 139.1 -153.6 138.4 -92.0 116.0 0 127 127 69 127 59 85 255 0 0 255 37.969684 23.740543 45.8 45.8 1.6 
20:21:06.921 84.0 7.2 3.8 1.6 292.0 139.3 -153.6 138.4 -92.0 116.0 0 127 127 69 127 59 85 255 0 0 255 37.969684 23.740543 45.8 45.8 1.6 
20:21:07.429 84.0 7.2 3.9 1.5 293.0 137.6 -153.6 139.4 -93.0 116.0 0 127 127 69 127 59 85 255 0 0 255 37.969684 23.740543 45.8 45.8 1.6 
20:21:07.937 86.0 7.2 3.8 1.6 293.0 137.6 -153.6 139.4 -93.0 116.0 0 127 127 69 127 59 85 255 0 0 255 37.969684 23.740543 45.8 45.8 1.6 
20:21:08.444 86.0 7.2 3.9 1.5 293.0 138.1 -153.6 139.4 -93.0 116.0 0 127 127 69 127 59 85 255 0 0 255 37.969684 23.740543 45.8 45.8 1.6 
20:21:08.953 86.0 7.2 3.9 1.6 293.0 139.2 -153.6 139.4 -93.0 116.0 0 127 127 69 127 59 85 255 0 0 255 37.969684 23.740543 45.8 45.8 1.6 
20:21:09.462 86.0 7.2 12.4 4.0 286.0 116.1 -153.6 133.4 -87.0 116.0 35.0 127 127 69 127 59 85 255 0 0 255 37.969684 23.740543 45.8 45.8 1.6 
20:21:09.970 61.0 6.9 3.3 12.7 227.0 58.2 -153.6 75.4 -29.0 116.0 35.0 127 127 69 127 59 85 255 0 0 255 37.969684 23.740543 45.8 45.8 1.6 
20:21:10.478 61.0 6.9 4.7 0.8 199.0 35.7 -153.6 45.4 0 86.0 35.0 127 127 69 127 59 85 255 0 0 255 37.969684 23.740543 45.8 45.8 1.6 
20:21:10.989 81.0 7.1 5.4 0.1 200.0 25.1 -153.6 46.4 0 86.0 35.0 127 127 69 127 59 85 255 0 0 255 37.969684 23.740543 45.8 45.8 1.6 
20:21:11.496 81.0 7.1 2.0 0.6 201.0 35.9 -153.6 47.4 -1.0 86.0 35.0 127 127 69 127 59 85 255 0 0 255 37.969684 23.740543 45.8 45.8 1.6 
20:21:12.005 81.0 7.1 -5.1 0.4 204.0 52.6 -153.6 50.4 -4.0 86.0 0 127 127 69 127 59 85 255 0 0 255 37.969684 23.740543 45.8 45.8 1.6 
20:21:12.512 81.0 7.1 -4.8 1.7 206.0 44.5 -153.6 52.4 -6.0 87.0 0 127 127 69 127 59 85 255 0 0 255 37.969684 23.740543 45.8 45.8 1.6 
20:21:13.020 86.0 7.2 -3.7 1.7 205.0 33.7 -153.6 51.4 -5.0 86.0 0 127 127 69 127 59 85 255 0 0 255 37.969684 23.740543 45.8 45.8 1.6 
20:21:13.527 86.0 7.2 -1.7 0.8 205.0 51.4 -153.6 51.4 -5.0 86.0 0 127 127 69 127 59 85 255 0 0 255 37.969684 23.740543 45.8 45.8 1.6 
20:21:14.036 86.0 7.2 1.3 0.8 205.0 52.8 -153.6 51.4 -5.0 86.0 0 127 127 69 127 59 85 255 0 0 255 37.969684 23.740543 45.8 45.8 1.6 
20:21:14.544 86.0 7.2 1.5 0.8 206.0 50.8 -154.7 51.3 -5.0 87.0 0 127 127 69 127 59 85 255 0 0 255 37.969684 23.740543 45.8 45.8 1.6 
20:21:15.052 86.0 7.2 1.6 0.7 205.0 50.5 -154.7 50.3 -175.0 116.0 0 127 127 69 127 59 85 255 0 0 255 37.969703 23.740575 235.7 235.7 2.0 
20:21:15.561 86.0 7.2 1.6 0.9 205.0 50.8 -154.7 50.3 -175.0 116.0 0 127 127 69 127 59 85 255 0 0 255 37.969703 23.740575 235.7 235.7 2.0 
20:21:16.068 86.0 7.2 1.6 0.7 206.0 52.3 -154.7 51.3 -176.0 116.0 0 127 127 69 127 59 85 255 0 0 255 37.969703 23.740575 235.7 235.7 2.0 
20:21:16.576 86.0 7.2 1.5 0.8 206.0 51.1 -154.7 51.3 -176.0 116.0 0 127 127 69 127 59 85 255 0 0 255 37.969703 23.740575 235.7 235.7 2.0 
20:21:17.085 86.0 7.2 1.5 0.6 206.0 51.0 -154.7 51.3 -176.0 116.0 0 127 127 69 127 59 85 255 0 0 255 37.969703 23.740575 235.7 235.7 2.0 
20:21:17.592 86.0 7.2 1.5 0.8 206.0 49.3 -154.7 51.3 -176.0 116.0 0 127 127 69 127 59 85 255 0 0 255 37.969703 23.740575 235.7 235.7 2.0 
20:21:18.099 86.0 7.2 1.5 0.8 206.0 51.1 -154.7 51.3 -176.0 116.0 0 127 127 69 127 59 85 255 0 0 255 37.969703 23.740575 235.7 235.7 2.0 
20:21:18.607 86.0 7.2 1.6 0.7 206.0 50.8 -154.7 51.3 -176.0 116.0 0 127 127 69 127 59 85 255 0 0 255 37.969703 23.740575 235.7 235.7 2.0 
20:21:19.116 86.0 7.2 1.5 0.9 206.0 51.1 -154.7 51.3 -176.0 116.0 0 127 127 69 127 59 85 255 0 0 255 37.969703 23.740575 235.7 235.7 2.0 
20:21:19.622 86.0 7.2 1.6 0.7 206.0 51.9 -154.7 51.3 -176.0 116.0 35.0 127 127 69 127 59 85 255 0 0 255 37.969703 23.740575 235.7 235.7 2.0 
20:21:20.132 86.0 7.2 6.7 10.1 174.0 357.8 -154.7 21.3 -146.0 116.0 35.0 127 127 69 127 59 85 255 0 0 255 37.969703 23.740575 235.7 235.7 2.0 
20:21:20.639 86.0 7.2 0.0 22.6 97.0 269.2 -154.7 305.3 -69.0 116.0 35.0 127 127 69 127 59 85 255 0 0 255 37.969703 23.740575 235.7 235.7 2.0 
20:21:21.146 70.0 7.0 1.7 14.5 25.0 188.4 -154.7 230.3 5.0 86.0 35.0 127 127 69 127 59 85 255 0 0 255 37.969703 23.740575 235.7 235.7 2.0 
20:21:21.655 70.0 7.0 4.8 5.5 27.0 208.2 -154.7 232.3 3.0 86.0 35.0 127 127 69 127 59 85 255 0 0 255 37.969703 23.740575 235.7 235.7 2.0 
20:21:22.165 81.0 7.1 4.2 6.6 24.0 219.4 -154.7 229.3 6.0 86.0 35.0 127 127 69 127 59 85 255 0 0 255 37.969703 23.740575 235.7 235.7 2.0 
20:21:22.672 81.0 7.1 -4.0 4.2 27.0 222.6 -154.7 232.3 3.0 86.0 0 127 127 69 127 59 85 255 0 0 255 37.969703 23.740575 235.7 235.7 2.0 
20:21:23.182 86.0 7.2 -3.2 6.1 26.0 211.8 -154.7 231.3 4.0 86.0 0 127 127 69 127 59 85 255 0 0 255 37.969703 23.740575 235.7 235.7 2.0 
20:21:23.690 86.0 7.2 -3.3 4.8 26.0 207.4 -154.7 231.3 4.0 86.0 0 127 127 69 127 59 85 255 0 0 255 37.969703 23.740575 235.7 235.7 2.0 
20:21:24.200 88.0 7.2 2.5 4.4 26.0 198.5 -154.7 231.3 4.0 86.0 0 127 127 69 127 59 85 255 0 0 255 37.969703 23.740575 235.7 235.7 2.0 
20:21:24.707 88.0 7.2 3.0 4.2 27.0 198.7 170.9 197.9 37.0 56.0 0 127 127 69 127 59 85 255 0 0 255 37.969703 23.740575 235.7 235.7 2.0 
20:21:25.215 84.0 7.2 2.9 4.4 27.0 197.7 170.9 197.9 37.0 56.0 0 127 127 69 127 59 85 255 0 0 255 37.969703 23.740575 235.7 235.7 2.0 
20:21:25.723 84.0 7.2 2.9 4.6 27.0 199.5 170.9 197.9 37.0 56.0 0 127 127 69 127 59 85 255 0 0 255 37.969703 23.740575 235.7 235.7 2.0 
20:21:26.232 84.0 7.2 2.8 4.6 27.0 198.9 170.9 197.9 37.0 56.0 0 127 127 69 127 59 85 255 0 0 255 37.969703 23.740575 235.7 235.7 2.0 
20:21:26.742 84.0 7.2 2.9 4.4 27.0 199.5 170.9 197.9 37.0 56.0 0 127 127 69 127 59 85 255 0 0 255 37.969703 23.740575 235.7 235.7 2.0 
20:21:27.250 86.0 7.2 2.9 4.5 28.0 199.1 170.9 198.9 36.0 56.0 0 127 127 69 127 59 85 255 0 0 255 37.969703 23.740575 235.7 235.7 2.0 
20:21:27.758 86.0 7.2 2.9 4.3 28.0 199.1 170.9 198.9 36.0 56.0 0 127 127 69 127 59 85 255 0 0 255 37.969703 23.740575 235.7 235.7 2.0 
20:21:28.264 84.0 7.2 3.0 4.2 28.0 199.3 170.9 198.9 36.0 56.0 0 127 127 69 127 59 85 255 0 0 255 37.969703 23.740575 235.7 235.7 2.0 
20:21:28.774 84.0 7.2 2.9 4.3 28.0 200.1 170.9 198.9 36.0 56.0 0 127 127 69 127 59 85 255 0 0 255 37.969703 23.740575 235.7 235.7 2.0 
20:21:29.285 84.0 7.2 2.9 4.5 28.0 199.6 170.9 198.9 36.0 56.0 0 127 127 69 127 59 85 255 0 0 255 37.969703 23.740575 235.7 235.7 2.0 
20:21:29.794 84.0 7.2 2.9 4.4 28.0 199.5 170.9 198.9 36.0 56.0 0 127 127 69 127 59 85 255 0 0 255 37.969703 23.740575 235.7 235.7 2.0 
20:21:30.304 86.0 7.2 3.8 4.6 29.0 193.1 170.9 198.9 36.0 56.0 35.0 127 127 69 127 59 85 255 0 0 255 37.969703 23.740575 235.7 235.7 2.0 
20:21:30.812 86.0 7.2 9.6 2.6 58.0 229.3 170.9 227.9 7.0 85.0 35.0 127 127 69 127 59 85 255 0 0 255 37.969703 23.740575 235.7 235.7 2.0 
20:21:31.321 81.0 7.1 7.6 5.7 56.0 225.7 170.9 226.9 8.0 85.0 35.0 127 127 69 127 59 85 255 0 0 255 37.969703 23.740575 235.7 235.7 2.0 
20:21:31.830 81.0 7.1 3.1 5.3 56.0 219.5 170.9 226.9 8.0 84.0 35.0 127 127 69 127 59 85 255 0 0 255 37.969703 23.740575 235.7 235.7 2.0 
20:21:32.337 81.0 7.1 3.3 4.2 57.0 238.1 170.9 227.9 7.0 85.0 35.0 127 127 69 127 59 85 255 0 0 255 37.969703 23.740575 235.7 235.7 2.0 
20:21:32.846 81.0 7.1 -2.8 4.2 58.0 224.2 170.9 228.9 6.0 85.0 0 127 127 69 127 59 85 255 0 0 255 37.969703 23.740575 235.7 235.7 2.0 
20:21:33.355 84.0 7.2 -3.8 5.1 56.0 224.9 170.9 226.9 8.0 84.0 0 127 127 69 127 59 85 255 0 0 255 37.969703 23.740575 235.7 235.7 2.0 
20:21:33.864 84.0 7.2 -3.5 4.3 57.0 235.0 170.9 227.9 7.0 85.0 0 127 127 69 127 59 85 255 0 0 255 37.969703 23.740575 235.7 235.7 2.0 
20:21:34.372 86.0 7.2 -3.9 3.3 57.0 246.5 170.9 227.9 7.0 85.0 0 127 127 69 127 59 85 255 0 0 255 37.969703 23.740575 235.7 235.7 2.0 
20:21:34.881 86.0 7.2 -0.9 3.5 57.0 255.1 196.3 253.3 -178.0 116.0 0 127 127 69 127 59 85 255 0 0 255 37.969684 23.740499 75.2 75.2 5.2 
20:21:35.388 86.0 7.2 1.2 3.5 57.0 258.9 196.3 253.3 -178.0 116.0 0 127 127 69 127 59 85 255 0 0 255 37.969684 23.740499 75.2 75.2 5.2 
20:21:35.896 86.0 7.2 1.9 3.3 57.0 254.0 196.3 253.3 -178.0 116.0 0 127 127 69 127 59 85 255 0 0 255 37.969684 23.740499 75.2 75.2 5.2 
20:21:36.402 84.0 7.2 1.3 3.5 57.0 254.5 196.3 253.3 -178.0 116.0 0 127 127 69 127 59 85 255 0 0 255 37.969684 23.740499 75.2 75.2 5.2 
20:21:36.911 84.0 7.2 1.3 3.5 57.0 257.1 196.3 253.3 -178.0 116.0 0 127 127 69 127 59 85 255 0 0 255 37.969684 23.740499 75.2 75.2 5.2 
20:21:37.419 86.0 7.2 1.3 3.6 57.0 255.2 196.3 253.3 -178.0 116.0 0 127 127 69 127 59 85 255 0 0 255 37.969684 23.740499 75.2 75.2 5.2 
20:21:37.926 86.0 7.2 1.3 3.4 57.0 256.0 196.3 253.3 -178.0 116.0 0 127 127 69 127 59 85 255 0 0 255 37.969684 23.740499 75.2 75.2 5.2 
20:21:38.435 86.0 7.2 1.3 3.5 57.0 254.7 196.3 253.3 -178.0 116.0 0 127 127 69 127 59 85 255 0 0 255 37.969684 23.740499 75.2 75.2 5.2 
20:21:38.944 86.0 7.2 1.4 3.3 58.0 254.8 196.3 254.3 -179.0 116.0 0 127 127 69 127 59 85 255 0 0 255 37.969684 23.740499 75.2 75.2 5.2 
20:21:39.450 86.0 7.2 1.4 3.3 58.0 254.9 196.3 254.3 -179.0 116.0 0 127 127 69 127 59 85 255 0 0 255 37.969684 23.740499 75.2 75.2 5.2 
20:21:39.957 86.0 7.2 1.3 3.5 58.0 257.4 196.3 254.3 -179.0 116.0 0 127 127 69 127 59 85 255 0 0 255 37.969684 23.740499 75.2 75.2 5.2 
20:21:40.469 86.0 7.2 1.3 3.4 58.0 254.9 196.3 254.3 -179.0 116.0 0 127 127 69 127 59 85 255 0 0 255 37.969684 23.740499 75.2 75.2 5.2 
20:21:40.978 86.0 7.2 10.6 7.0 49.0 228.7 196.3 246.3 -171.0 116.0 35.0 127 127 69 127 59 85 255 0 0 255 37.969684 23.740499 75.2 75.2 5.2 
20:21:41.484 75.0 7.1 2.8 18.0 340.0 173.7 196.3 178.3 -103.0 116.0 35.0 127 127 69 127 59 85 255 0 0 255 37.969684 23.740499 75.2 75.2 5.2 
20:21:41.992 75.0 7.1 -0.3 17.7 261.0 112.1 196.3 99.3 -24.0 108.0 35.0 127 127 69 127 59 85 255 0 0 255 37.969684 23.740499 75.2 75.2 5.2 
20:21:42.501 79.0 7.1 6.1 -0.0 234.0 100.0 196.3 70.3 4.0 86.0 35.0 127 127 69 127 59 85 255 0 0 255 37.969684 23.740499 75.2 75.2 5.2 
20:21:43.011 79.0 7.1 5.4 1.4 231.0 33.1 196.3 68.3 6.0 85.0 35.0 127 127 69 127 59 85 255 0 0 255 37.969684 23.740499 75.2 75.2 5.2 
20:21:43.519 79.0 7.1 -3.4 1.8 233.0 68.6 196.3 69.3 5.0 86.0 0 127 127 69 127 59 85 255 0 0 255 37.969684 23.740499 75.2 75.2 5.2 
20:21:44.026 79.0 7.1 -4.2 2.3 232.0 47.4 196.3 68.3 6.0 86.0 0 127 127 69 127 59 85 255 0 0 255 37.969684 23.740499 75.2 75.2 5.2 
20:21:44.536 84.0 7.2 -3.8 0.7 232.0 56.6 -175.4 68.3 6.0 85.0 0 127 127 69 127 59 85 255 0 0 255 37.969684 23.740499 75.2 75.2 5.2 
20:21:45.045 84.0 7.2 1.7 0.4 232.0 68.3 -175.4 56.6 18.0 76.0 0 127 127 69 127 59 85 255 0 0 255 37.969684 23.740499 75.2 75.2 5.2 
20:21:45.554 86.0 7.2 2.0 0.4 232.0 67.6 -175.4 56.6 18.0 76.0 0 127 127 69 127 59 85 255 0 0 255 37.969684 23.740499 75.2 75.2 5.2 
20:21:46.062 86.0 7.2 2.1 0.4 233.0 68.2 -175.4 57.6 17.0 77.0 0 127 127 69 127 59 85 255 0 0 255 37.969684 23.740499 75.2 75.2 5.2 
20:21:46.570 86.0 7.2 2.1 0.4 233.0 68.2 -175.4 57.6 17.0 77.0 0 127 127 69 127 59 85 255 0 0 255 37.969684 23.740499 75.2 75.2 5.2 
20:21:47.079 86.0 7.2 2.1 0.2 233.0 67.6 -175.4 57.6 17.0 77.0 0 127 127 69 127 59 85 255 0 0 255 37.969684 23.740499 75.2 75.2 5.2 
20:21:47.589 84.0 7.2 2.1 0.3 233.0 68.1 -175.4 57.6 17.0 77.0 0 127 127 69 127 59 85 255 0 0 255 37.969684 23.740499 75.2 75.2 5.2 
20:21:48.100 84.0 7.2 2.1 0.3 233.0 67.6 -175.4 57.6 17.0 77.0 0 127 127 69 127 59 85 255 0 0 255 37.969684 23.740499 75.2 75.2 5.2 
20:21:48.608 86.0 7.2 2.1 0.4 233.0 66.4 -175.4 57.6 17.0 77.0 0 127 127 69 127 59 85 255 0 0 255 37.969684 23.740499 75.2 75.2 5.2 
20:21:49.117 86.0 7.2 2.1 0.4 233.0 68.3 -175.4 57.6 17.0 77.0 0 127 127 69 127 59 85 255 0 0 255 37.969684 23.740499 75.2 75.2 5.2 
20:21:49.624 86.0 7.2 2.1 0.4 233.0 68.1 -175.4 57.6 17.0 77.0 0 127 127 69 127 59 85 255 0 0 255 37.969684 23.740499 75.2 75.2 5.2 
20:21:50.131 86.0 7.2 2.1 0.3 234.0 68.2 -175.4 58.6 16.0 78.0 0 127 127 69 127 59 85 255 0 0 255 37.969684 23.740499 75.2 75.2 5.2 
20:21:50.639 86.0 7.2 2.1 0.3 234.0 68.0 -175.4 58.6 16.0 78.0 0 127 127 69 127 59 85 255 0 0 255 37.969684 23.740499 75.2 75.2 5.2 
20:21:51.149 86.0 7.2 2.1 0.3 234.0 66.9 -175.4 58.6 16.0 78.0 0 127 127 69 127 59 85 255 0 0 255 37.969684 23.740499 75.2 75.2 5.2 
20:21:51.656 86.0 7.2 10.9 -1.6 239.0 68.0 -175.4 63.6 11.0 82.0 35.0 127 127 69 127 59 85 255 0 0 255 37.969684 23.740499 75.2 75.2 5.2 
20:21:52.164 86.0 7.2 7.5 1.5 238.0 84.7 -175.4 63.6 1.0 86.0 35.0 127 127 69 127 59 85 255 0 0 255 37.969684 23.740528 65.6 65.6 2.8 
20:21:52.672 82.0 7.2 5.7 1.3 233.0 65.7 -175.4 57.6 7.0 85.0 35.0 127 127 69 127 59 85 255 0 0 255 37.969684 23.740528 65.6 65.6 2.8 
20:21:53.180 82.0 7.2 3.6 -0.5 232.0 52.4 -175.4 56.6 8.0 84.0 35.0 127 127 69 127 59 85 255 0 0 255 37.969684 23.740528 65.6 65.6 2.8 
20:21:53.689 79.0 7.1 4.0 -2.2 233.0 40.7 -175.4 57.6 7.0 85.0 35.0 127 127 69 127 59 85 255 0 0 255 37.969684 23.740528 65.6 65.6 2.8 
20:21:54.196 79.0 7.1 -4.8 0.7 233.0 53.2 -175.4 57.6 7.0 85.0 0 127 127 69 127 59 85 255 0 0 255 37.969684 23.740528 65.6 65.6 2.8 
20:21:54.703 84.0 7.2 -4.0 2.7 233.0 83.3 -166.1 66.9 -1.0 86.0 0 127 127 69 127 59 85 255 0 0 255 37.969684 23.740528 65.6 65.6 2.8 
20:21:55.210 84.0 7.2 -4.4 2.0 231.0 48.0 -166.1 64.9 0 86.0 0 127 127 69 127 59 85 255 0 0 255 37.969684 23.740528 65.6 65.6 2.8 
20:21:55.716 84.0 7.2 1.7 1.7 231.0 64.2 -166.1 64.9 0 86.0 0 127 127 69 127 59 85 255 0 0 255 37.969684 23.740528 65.6 65.6 2.8 
20:21:56.224 84.0 7.2 2.1 1.6 231.0 65.6 -166.1 64.9 0 86.0 0 127 127 69 127 59 85 255 0 0 255 37.969684 23.740528 65.6 65.6 2.8 
20:21:56.732 86.0 7.2 2.1 1.7 231.0 66.8 -166.1 64.9 0 86.0 0 127 127 69 127 59 85 255 0 0 255 37.969684 23.740528 65.6 65.6 2.8 
20:21:57.241 86.0 7.2 2.2 1.6 232.0 65.8 -166.1 65.9 0 86.0 0 127 127 69 127 59 85 255 0 0 255 37.969684 23.740528 65.6 65.6 2.8 
20:21:57.748 86.0 7.2 2.2 1.7 232.0 65.5 -166.1 65.9 0 86.0 0 127 127 69 127 59 85 255 0 0 255 37.969684 23.740528 65.6 65.6 2.8 
20:21:58.256 86.0 7.2 2.2 1.7 232.0 66.3 -166.1 65.9 0 86.0 0 127 127 69 127 59 85 255 0 0 255 37.969684 23.740528 65.6 65.6 2.8 
20:21:58.763 86.0 7.2 2.1 1.7 232.0 66.1 -166.1 65.9 0 86.0 0 127 127 69 127 59 85 255 0 0 255 37.969684 23.740528 65.6 65.6 2.8 
20:21:59.273 86.0 7.2 2.2 1.6 232.0 66.2 -166.1 65.9 0 86.0 0 127 127 69 127 59 85 255 0 0 255 37.969684 23.740528 65.6 65.6 2.8 
20:21:59.781 86.0 7.2 2.2 1.6 232.0 65.4 -166.1 65.9 0 86.0 0 127 127 69 127 59 85 255 0 0 255 37.969684 23.740528 65.6 65.6 2.8 
20:22:00.288 86.0 7.2 2.2 1.6 232.0 66.3 -166.1 65.9 0 86.0 0 127 127 69 127 59 85 255 0 0 255 37.969684 23.740528 65.6 65.6 2.8 
20:22:00.796 86.0 7.2 2.2 1.6 232.0 66.9 -166.1 65.9 0 86.0 0 127 127 69 127 59 85 255 0 0 255 37.969684 23.740528 65.6 65.6 2.8 
20:22:01.304 86.0 7.2 2.2 1.5 232.0 65.4 -166.1 65.9 0 86.0 0 127 127 69 127 59 85 255 0 0 255 37.969684 23.740528 65.6 65.6 2.8 
20:22:01.812 86.0 7.2 2.1 1.6 233.0 64.9 -166.1 66.9 -1.0 86.0 35.0 127 127 69 127 59 85 255 0 0 255 37.969684 23.740528 65.6 65.6 2.8 
20:22:02.321 86.0 7.2 9.1 0.8 230.0 72.5 -166.1 63.9 1.0 86.0 35.0 127 127 69 127 59 85 255 0 0 255 37.969684 23.740528 65.6 65.6 2.8 
20:22:02.828 82.0 7.2 6.8 1.6 225.0 51.0 -166.1 58.9 6.0 85.0 35.0 127 127 69 127 59 85 255 0 0 255 37.969684 23.740528 65.6 65.6 2.8 
20:22:03.336 82.0 7.2 3.4 -0.6 223.0 48.7 -166.1 56.9 8.0 84.0 35.0 127 127 69 127 59 85 255 0 0 255 37.969684 23.740528 65.6 65.6 2.8 
20:22:03.845 74.0 7.0 2.5 0.6 225.0 57.6 -166.1 58.9 6.0 85.0 35.0 127 127 69 127 59 85 255 0 0 255 37.969684 23.740528 65.6 65.6 2.8 
20:22:04.355 74.0 7.0 -1.2 -0.6 225.0 63.5 -166.1 58.9 6.0 85.0 0 127 127 69 127 59 85 255 0 0 255 37.969684 23.740528 65.6 65.6 2.8 
20:22:04.864 86.0 7.2 -5.8 -5.0 237.0 68.6 -179.0 57.0 8.0 83.0 0 127 127 69 127 59 85 255 0 0 255 37.969684 23.740528 65.6 65.6 2.8 
20:22:05.373 86.0 7.2 -4.1 1.0 238.0 74.7 -179.0 59.0 6.0 85.0 0 127 127 69 127 59 85 255 0 0 255 37.969684 23.740528 65.6 65.6 2.8 
20:22:05.880 86.0 7.2 -4.1 1.7 239.0 46.1 -179.0 60.0 5.0 86.0 0 127 127 69 127 59 85 255 0 0 255 37.969684 23.740528 65.6 65.6 2.8 
20:22:06.389 86.0 7.2 1.2 1.2 239.0 51.2 -179.0 60.0 5.0 86.0 0 127 127 69 127 59 85 255 0 0 255 37.969684 23.740528 65.6 65.6 2.8 
20:22:06.896 82.0 7.2 1.7 1.2 239.0 51.3 -179.0 60.0 5.0 86.0 0 127 127 69 127 59 85 255 0 0 255 37.969684 23.740528 65.6 65.6 2.8 
20:22:07.405 82.0 7.2 1.6 1.2 239.0 50.6 -179.0 60.0 5.0 86.0 0 127 127 69 127 59 85 255 0 0 255 37.969684 23.740528 65.6 65.6 2.8 
20:22:07.913 86.0 7.2 1.7 1.1 239.0 49.8 -179.0 60.0 5.0 86.0 0 127 127 69 127 59 85 255 0 0 255 37.969684 23.740528 65.6 65.6 2.8 
20:22:08.420 86.0 7.2 1.6 1.2 239.0 51.4 -179.0 60.0 5.0 86.0 0 127 127 69 127 59 85 255 0 0 255 37.969684 23.740528 65.6 65.6 2.8 
20:22:08.926 86.0 7.2 1.6 1.2 239.0 51.0 -179.0 60.0 -174.0 116.0 0 127 127 69 127 59 85 255 0 0 255 37.969718 23.740625 246.2 246.2 6.6 
20:22:09.434 86.0 7.2 1.6 1.1 239.0 50.6 -179.0 60.0 -174.0 116.0 0 127 127 69 127 59 85 255 0 0 255 37.969718 23.740625 246.2 246.2 6.6 
20:22:09.944 86.0 7.2 1.7 1.1 239.0 49.7 -179.0 60.0 -174.0 116.0 0 127 127 69 127 59 85 255 0 0 255 37.969718 23.740625 246.2 246.2 6.6 
20:22:10.453 86.0 7.2 1.7 1.1 239.0 51.0 -179.0 60.0 -174.0 116.0 0 127 127 69 127 59 85 255 0 0 255 37.969718 23.740625 246.2 246.2 6.6 
20:22:10.961 86.0 7.2 1.6 1.2 240.0 50.1 -179.0 61.0 -175.0 116.0 0 127 127 69 127 59 85 255 0 0 255 37.969718 23.740625 246.2 246.2 6.6 
20:22:11.468 86.0 7.2 1.7 1.1 240.0 49.4 -179.0 61.0 -175.0 116.0 0 127 127 69 127 59 85 255 0 0 255 37.969718 23.740625 246.2 246.2 6.6 
20:22:11.978 86.0 7.2 1.6 1.2 240.0 48.8 -179.0 61.0 -175.0 116.0 0 127 127 69 127 59 85 255 0 0 255 37.969718 23.740625 246.2 246.2 6.6 
20:22:12.489 86.0 7.2 10.0 3.6 233.0 49.6 -179.0 55.0 -169.0 116.0 35.0 127 127 69 127 59 85 255 0 0 255 37.969718 23.740625 246.2 246.2 6.6 
20:22:13.000 75.0 7.1 1.9 13.5 171.0 1.1 -179.0 354.0 -107.0 116.0 35.0 127 127 69 127 59 85 255 0 0 255 37.969718 23.740625 246.2 246.2 6.6 
20:22:13.511 75.0 7.1 -0.9 23.0 91.0 246.4 -179.0 274.0 -27.0 116.0 35.0 127 127 69 127 59 85 255 0 0 255 37.969718 23.740625 246.2 246.2 6.6 
20:22:14.019 79.0 7.1 2.7 10.0 59.0 234.6 -179.0 240.0 6.0 85.0 35.0 127 127 69 127 59 85 255 0 0 255 37.969718 23.740625 246.2 246.2 6.6 
20:22:14.527 79.0 7.1 4.3 1.8 60.0 233.6 -179.0 241.0 5.0 86.0 35.0 127 127 69 127 59 85 255 0 0 255 37.969718 23.740625 246.2 246.2 6.6 
20:22:15.034 77.0 7.1 -3.7 3.1 61.0 219.5 181.8 242.8 3.0 86.0 0 127 127 69 127 59 85 255 0 0 255 37.969718 23.740625 246.2 246.2 6.6 
20:22:15.540 77.0 7.1 -4.4 5.6 61.0 206.7 181.8 242.8 3.0 86.0 0 127 127 69 127 59 85 255 0 0 255 37.969718 23.740625 246.2 246.2 6.6 
20:22:16.050 86.0 7.2 -3.7 5.1 61.0 225.7 181.8 242.8 3.0 86.0 0 127 127 69 127 59 85 255 0 0 255 37.969718 23.740625 246.2 246.2 6.6 
20:22:16.558 86.0 7.2 -3.4 4.4 62.0 208.9 181.8 243.8 2.0 86.0 0 127 127 69 127 59 85 255 0 0 255 37.969718 23.740625 246.2 246.2 6.6 
20:22:17.065 86.0 7.2 1.0 3.9 62.0 208.2 181.8 243.8 2.0 86.0 0 127 127 69 127 59 85 255 0 0 255 37.969718 23.740625 246.2 246.2 6.6 
20:22:17.575 86.0 7.2 1.3 3.9 62.0 207.7 181.8 243.8 2.0 86.0 0 127 127 69 127 59 85 255 0 0 255 37.969718 23.740625 246.2 246.2 6.6 
20:22:18.085 86.0 7.2 1.4 3.8 62.0 207.9 181.8 243.8 2.0 86.0 0 127 127 69 127 59 85 255 0 0 255 37.969718 23.740625 246.2 246.2 6.6 
20:22:18.594 86.0 7.2 1.3 3.8 62.0 207.9 181.8 243.8 2.0 86.0 0 127 127 69 127 59 85 255 0 0 255 37.969718 23.740625 246.2 246.2 6.6 
20:22:19.104 86.0 7.2 1.3 3.9 62.0 208.2 181.8 243.8 -20.0 99.0 0 127 127 69 127 59 85 255 0 0 255 37.969718 23.740585 223.3 223.3 3.7 
20:22:19.613 86.0 7.2 1.3 3.8 62.0 207.5 181.8 243.8 -20.0 99.0 0 127 127 69 127 59 85 255 0 0 255 37.969718 23.740585 223.3 223.3 3.7 
20:22:20.123 86.0 7.2 1.3 3.9 62.0 207.8 181.8 243.8 -20.0 99.0 0 127 127 69 127 59 85 255 0 0 255 37.969718 23.740585 223.3 223.3 3.7 
20:22:20.632 86.0 7.2 1.4 3.7 62.0 207.9 181.8 243.8 -20.0 99.0 0 127 127 69 127 59 85 255 0 0 255 37.969718 23.740585 223.3 223.3 3.7 
20:22:21.138 86.0 7.2 1.3 3.8 63.0 207.6 181.8 244.8 -21.0 100.0 0 127 127 69 127 59 85 255 0 0 255 37.969718 23.740585 223.3 223.3 3.7 
20:22:21.645 86.0 7.2 1.3 3.8 63.0 207.6 181.8 244.8 -21.0 100.0 0 127 127 69 127 59 85 255 0 0 255 37.969718 23.740585 223.3 223.3 3.7 
20:22:22.154 86.0 7.2 1.3 3.9 63.0 207.8 181.8 244.8 -21.0 100.0 0 127 127 69 127 59 85 255 0 0 255 37.969718 23.740585 223.3 223.3 3.7 
20:22:22.662 86.0 7.2 1.4 3.8 63.0 208.3 181.8 244.8 -21.0 100.0 0 127 127 69 127 59 85 255 0 0 255 37.969718 23.740585 223.3 223.3 3.7 
20:22:23.172 86.0 7.2 11.1 5.5 53.0 230.7 181.8 234.8 -11.0 90.0 35.0 127 127 69 127 59 85 255 0 0 255 37.969718 23.740585 223.3 223.3 3.7 
20:22:23.681 86.0 7.2 6.7 5.3 47.0 206.9 181.8 228.8 -5.0 86.0 35.0 127 127 69 127 59 85 255 0 0 255 37.969718 23.740585 223.3 223.3 3.7 
20:22:24.192 79.0 7.1 5.6 5.0 47.0 209.9 181.8 228.8 -5.0 86.0 35.0 127 127 69 127 59 85 255 0 0 255 37.969718 23.740585 223.3 223.3 3.7 
20:22:24.699 79.0 7.1 4.2 7.3 44.0 224.0 189.2 233.2 -9.0 89.0 35.0 127 127 69 127 59 85 255 0 0 255 37.969718 23.740585 223.3 223.3 3.7 
20:22:25.207 81.0 7.1 2.6 8.4 38.0 202.3 189.2 226.2 -2.0 86.0 0 127 127 69 127 59 85 255 0 0 255 37.969718 23.740585 223.3 223.3 3.7 
20:22:25.714 81.0 7.1 -4.0 5.7 40.0 212.8 189.2 229.2 -5.0 86.0 0 127 127 69 127 59 85 255 0 0 255 37.969718 23.740585 223.3 223.3 3.7 
20:22:26.222 86.0 7.2 -4.7 4.8 41.0 210.2 189.2 230.2 -6.0 87.0 0 127 127 69 127 59 85 255 0 0 255 37.969718 23.740585 223.3 223.3 3.7 
20:22:26.732 86.0 7.2 -3.6 4.7 40.0 227.5 189.2 229.2 -5.0 86.0 0 127 127 69 127 59 85 255 0 0 255 37.969718 23.740585 223.3 223.3 3.7 
20:22:27.241 86.0 7.2 2.2 4.4 40.0 225.6 189.2 229.2 -5.0 86.0 0 127 127 69 127 59 85 255 0 0 255 37.969718 23.740585 223.3 223.3 3.7 
20:22:27.749 86.0 7.2 2.6 4.2 40.0 227.2 189.2 229.2 -5.0 86.0 0 127 127 69 127 59 85 255 0 0 255 37.969718 23.740585 223.3 223.3 3.7 
20:22:28.256 86.0 7.2 2.7 4.4 40.0 227.1 189.2 229.2 12.0 76.0 0 175 127 69 127 59 85 255 0 0 255 37.969718 23.740585 241.2 223.3 3.7 
20:22:28.768 86.0 7.2 2.6 4.2 41.0 226.4 189.2 230.2 -6.0 87.0 0 127 127 69 127 59 85 255 0 0 255 37.969718 23.740585 223.3 223.3 3.7 
20:22:29.277 86.0 7.2 2.6 4.4 41.0 225.6 189.2 230.2 -6.0 87.0 0 127 127 69 127 59 85 255 0 0 255 37.969718 23.740585 223.3 223.3 3.7 
20:22:29.783 86.0 7.2 2.6 4.3 41.0 226.8 189.2 230.2 -6.0 87.0 0 127 127 69 127 59 85 255 0 0 255 37.969718 23.740585 223.3 223.3 3.7 
20:22:30.290 86.0 7.2 2.7 4.1 41.0 227.4 189.2 230.2 -6.0 87.0 0 127 127 69 127 59 85 255 0 0 255 37.969718 23.740585 223.3 223.3 3.7 
20:22:30.800 86.0 7.2 2.6 4.5 41.0 227.4 189.2 230.2 -6.0 87.0 0 127 127 69 127 59 85 255 0 0 255 37.969718 23.740585 223.3 223.3 3.7 
20:22:31.308 86.0 7.2 2.7 4.2 41.0 227.0 189.2 230.2 -6.0 87.0 0 127 127 69 127 59 85 255 0 0 255 37.969718 23.740585 223.3 223.3 3.7 
20:22:31.819 86.0 7.2 2.7 4.2 41.0 227.8 189.2 230.2 -6.0 87.0 0 127 127 69 127 59 85 255 0 0 255 37.969718 23.740585 223.3 223.3 3.7 
20:22:32.327 88.0 7.2 2.6 4.3 41.0 228.2 189.2 230.2 -6.0 87.0 0 127 127 69 127 59 85 255 0 0 255 37.969718 23.740585 223.3 223.3 3.7 
20:22:32.835 88.0 7.2 2.6 4.2 41.0 227.6 189.2 230.2 -6.0 87.0 0 127 127 69 127 59 85 255 0 0 255 37.969718 23.740585 223.3 223.3 3.7 
20:22:33.345 86.0 7.2 5.5 4.0 42.0 209.1 189.2 231.2 -7.0 87.0 35.0 127 127 69 127 59 85 255 0 0 255 37.969718 23.740585 223.3 223.3 3.7 
20:22:33.851 86.0 7.2 8.1 4.3 40.0 190.1 189.2 229.2 -5.0 86.0 31.0 127 127 69 127 59 85 255 0 0 255 0 0.165011 223.3 223.3 3.7 
20:22:34.361 79.0 7.1 4.8 3.7 39.0 220.3 189.2 228.2 -4.0 86.0 31.0 127 127 69 127 59 85 255 0 0 255 0 0.165011 223.3 223.3 3.7 
20:22:34.869 79.0 7.1 3.8 4.2 39.0 189.0 189.2 228.2 -4.0 86.0 31.0 128 127 69 127 59 85 255 0 0 255 0 0.165011 223.3 223.3 3.7 
20:22:35.378 81.0 7.1 -0.4 -8.8 60.0 206.8 189.2 247.2 25.0 61.0 31.0 219 127 69 127 59 85 255 0 0 255 0 0.165011 272.2 223.3 3.7 
20:22:35.888 81.0 7.1 2.8 4.2 80.0 225.1 189.2 269.2 -3.0 86.0 31.0 127 127 69 127 59 85 255 0 0 255 0 0.165011 265.4 223.3 3.7 
20:22:36.396 77.0 7.1 2.6 3.0 79.0 241.0 189.2 268.2 -2.0 86.0 31.0 127 127 69 127 59 85 255 0 0 255 0 0.165011 265.4 223.3 3.7 
20:22:36.903 77.0 7.1 2.0 5.9 76.0 231.4 189.2 265.2 0 86.0 31.0 127 127 69 127 59 85 255 0 0 255 0 0.165011 265.4 223.3 3.7 
20:22:37.410 81.0 7.1 2.0 5.8 73.0 235.4 189.2 262.2 3.0 86.0 31.0 127 127 69 127 59 85 255 0 0 255 0 0.165011 265.4 223.3 3.7 
20:22:37.919 81.0 7.1 -0.2 5.9 70.0 226.0 189.2 259.2 -26.0 107.0 31.0 50 120 69 127 59 85 255 0 0 255 0 0.165011 233.0 223.3 3.7 
20:22:38.428 81.0 7.1 -5.6 32.4 350.0 161.5 189.2 181.2 -43.0 130.0 31.0 0 127 69 127 59 85 255 0 0 255 0 0.165011 137.4 223.3 3.7 
20:22:38.937 81.0 7.1 -5.0 20.9 267.0 70.0 189.2 97.2 -48.0 130.0 31.0 0 133 69 127 59 85 255 0 0 255 0 0.165011 48.4 223.3 3.7 
20:22:39.444 79.0 7.1 1.7 4.4 206.0 43.9 189.2 35.2 -1.0 86.0 31.0 127 127 69 127 59 85 255 0 0 255 0 0.165011 34.2 223.3 3.7 
20:22:39.951 79.0 7.1 3.5 2.4 206.0 22.5 189.2 35.2 -1.0 86.0 31.0 127 127 69 127 59 85 255 0 0 255 0 0.165011 34.2 223.3 3.7 
20:22:40.460 81.0 7.1 2.9 0.4 207.0 37.8 189.2 36.2 -2.0 86.0 31.0 127 127 69 127 59 85 255 0 0 255 0 0.165011 34.2 223.3 3.7 
20:22:40.968 81.0 7.1 2.5 -0.2 208.0 45.7 189.2 36.2 -2.0 86.0 31.0 127 127 69 127 59 85 255 0 0 255 0 0.165011 34.2 223.3 3.7 
20:22:41.476 81.0 7.1 2.3 -0.1 209.0 24.0 189.2 38.2 -4.0 86.0 31.0 127 127 69 127 59 85 255 0 0 255 0 0.165011 34.2 223.3 3.7 
20:22:41.984 81.0 7.1 -6.1 -12.8 243.0 57.2 189.2 70.2 15.0 76.0 0 127 127 69 127 59 85 255 0 0 255 37.969692 23.740503 85.4 85.4 4.7 
20:22:42.492 84.0 7.2 -4.4 0.9 255.0 73.7 189.2 84.2 1.0 86.0 0 127 127 69 127 59 85 255 0 0 255 37.969692 23.740503 85.4 85.4 4.7 
20:22:42.999 84.0 7.2 -1.1 0.9 256.0 52.9 189.2 85.2 0 86.0 0 127 127 69 127 59 85 255 0 0 255 37.969692 23.740503 85.4 85.4 4.7 
20:22:43.508 86.0 7.2 2.6 0.4 256.0 59.9 189.2 85.2 0 86.0 0 127 127 69 127 59 85 255 0 0 255 37.969692 23.740503 85.4 85.4 4.7 
20:22:44.017 86.0 7.2 2.7 0.4 256.0 58.0 189.2 85.2 0 86.0 0 127 127 69 127 59 85 255 0 0 255 37.969692 23.740503 85.4 85.4 4.7 
20:22:44.523 84.0 7.2 2.7 0.2 256.0 58.2 189.2 85.2 0 86.0 0 127 127 69 127 59 85 255 0 0 255 37.969692 23.740503 85.4 85.4 4.7 
20:22:45.032 84.0 7.2 2.7 0.5 256.0 58.1 -197.8 58.2 27.0 62.0 0 127 127 69 127 59 85 255 0 0 255 37.969692 23.740503 85.4 85.4 4.7 
20:22:45.540 84.0 7.2 2.7 0.5 256.0 57.2 -197.8 58.2 27.0 62.0 0 127 127 69 127 59 85 255 0 0 255 37.969692 23.740503 85.4 85.4 4.7 
20:22:46.049 84.0 7.2 2.7 0.5 256.0 57.2 -197.8 58.2 27.0 62.0 0 127 127 69 127 59 85 255 0 0 255 37.969692 23.740503 85.4 85.4 4.7 
20:22:46.555 84.0 7.2 2.7 0.5 257.0 58.5 -197.8 59.2 26.0 64.0 0 127 127 69 127 59 85 255 0 0 255 37.969692 23.740503 85.4 85.4 4.7 
20:22:47.062 84.0 7.2 2.7 0.5 257.0 58.5 -197.8 59.2 26.0 64.0 0 127 127 69 127 59 85 255 0 0 255 37.969692 23.740503 85.4 85.4 4.7 
20:22:47.571 86.0 7.2 2.7 0.5 257.0 58.9 -197.8 59.2 26.0 64.0 0 127 127 69 127 59 85 255 0 0 255 37.969692 23.740503 85.4 85.4 4.7 
20:22:48.079 86.0 7.2 2.7 0.5 257.0 57.8 -197.8 59.2 26.0 64.0 0 127 127 69 127 59 85 255 0 0 255 37.969692 23.740503 85.4 85.4 4.7 
20:22:48.586 84.0 7.2 2.7 0.5 257.0 56.8 -197.8 59.2 26.0 64.0 0 127 127 69 127 59 85 255 0 0 255 37.969692 23.740503 85.4 85.4 4.7 
20:22:49.096 84.0 7.2 13.4 -4.1 266.0 57.5 -197.8 68.2 17.0 76.0 35.0 127 127 69 127 59 85 255 0 0 255 37.969692 23.740503 85.4 85.4 4.7 
20:22:49.605 70.0 7.0 6.0 -1.2 276.0 91.9 -197.8 78.2 7.0 85.0 35.0 127 127 69 127 59 85 255 0 0 255 37.969692 23.740503 85.4 85.4 4.7 
20:22:50.112 70.0 7.0 6.4 2.3 274.0 79.0 -197.8 76.2 6.0 85.0 35.0 127 127 69 127 59 85 255 0 0 255 37.969692 23.740522 82.8 82.8 3.0 
20:22:50.620 74.0 7.0 5.0 2.1 273.0 76.2 -197.8 75.2 7.0 85.0 35.0 127 127 69 127 59 85 255 0 0 255 37.969692 23.740522 82.8 82.8 3.0 
20:22:51.130 74.0 7.0 4.4 1.4 272.0 96.1 -197.8 74.2 8.0 84.0 35.0 127 127 69 127 59 85 255 0 0 255 37.969692 23.740522 82.8 82.8 3.0 
20:22:51.637 79.0 7.1 -4.2 1.3 273.0 94.5 -197.8 75.2 7.0 85.0 0 127 127 69 127 59 85 255 0 0 255 37.969692 23.740522 82.8 82.8 3.0 
20:22:52.144 79.0 7.1 -4.1 0.6 273.0 95.6 -197.8 75.2 7.0 85.0 0 127 127 69 127 59 85 255 0 0 255 37.969692 23.740522 82.8 82.8 3.0 
20:22:52.652 84.0 7.2 -0.4 0.5 273.0 80.9 -197.8 75.2 7.0 85.0 0 127 127 69 127 59 85 255 0 0 255 37.969692 23.740522 82.8 82.8 3.0 
20:22:53.159 84.0 7.2 2.7 0.2 273.0 81.1 -197.8 75.2 7.0 85.0 0 127 127 69 127 59 85 255 0 0 255 37.969692 23.740522 82.8 82.8 3.0 
20:22:53.667 84.0 7.2 2.9 0.3 273.0 81.8 -197.8 75.2 7.0 85.0 0 127 127 69 127 59 85 255 0 0 255 37.969692 23.740522 82.8 82.8 3.0 
20:22:54.175 84.0 7.2 2.9 0.2 273.0 81.6 -197.8 75.2 7.0 85.0 0 127 127 69 127 59 85 255 0 0 255 37.969692 23.740522 82.8 82.8 3.0 
20:22:54.686 86.0 7.2 4.5 0.3 273.0 79.7 -197.8 75.2 7.0 85.0 31.0 127 127 69 127 59 85 255 0 0 0 37.969688 23.740558 82.8 343.6 0.6 
20:22:55.193 86.0 7.2 6.8 -7.2 289.0 99.1 -197.8 90.2 51.0 42.0 31.0 255 127 69 127 59 85 255 0 0 0 37.969688 23.740558 142.0 343.6 0.6 
20:22:55.702 79.0 7.1 2.3 -6.1 342.0 145.0 -197.8 142.2 50.0 42.0 31.0 255 128 69 127 59 85 255 0 0 0 37.969688 23.740558 193.0 343.6 0.6 
20:22:56.208 79.0 7.1 5.2 -4.4 31.0 200.5 -197.8 191.2 6.0 77.0 46.0 173 127 91 127 59 85 255 0 0 0 37.969688 23.740558 198.0 343.6 0.6 
20:22:56.718 77.0 7.1 10.1 4.8 32.0 201.6 -197.8 194.2 34.0 57.0 46.0 227 127 91 127 59 85 255 0 0 0 37.969688 23.740558 229.0 343.6 0.6 
20:22:57.227 77.0 7.1 8.9 2.8 67.0 229.1 -197.8 230.2 -6.0 87.0 46.0 127 127 91 127 59 85 255 0 0 0 37.969688 23.740558 224.0 343.6 0.6 
20:22:57.733 75.0 7.1 4.7 0.6 84.0 229.1 -197.8 247.2 -8.0 89.0 46.0 129 127 91 127 59 85 255 0 0 0 37.969688 23.740558 239.2 343.6 0.6 
20:22:58.242 75.0 7.1 3.8 7.9 96.0 238.7 -197.8 259.2 -8.0 89.0 46.0 127 127 91 127 59 85 255 0 0 0 37.969688 23.740558 251.2 343.6 0.6 
20:22:58.748 75.0 7.1 2.1 7.2 81.0 253.7 -197.8 243.2 8.0 84.0 0 127 127 1 127 59 85 255 0 0 0 37.969688 23.740558 251.2 343.6 0.6 
20:22:59.255 75.0 7.1 -8.5 23.7 66.0 207.5 -197.8 230.2 -43.0 130.0 0 0 127 1 127 59 85 255 0 0 0 37.969688 23.740558 177.4 343.6 0.6 
20:22:59.764 81.0 7.1 -14.7 18.2 338.0 154.3 -197.8 141.2 -49.0 130.0 0 0 183 1 127 59 85 255 0 0 0 37.969688 23.740558 91.4 343.6 0.6 
20:23:00.273 81.0 7.1 -6.3 3.5 312.0 123.6 -197.8 114.2 -4.0 86.0 12.0 127 127 27 127 59 85 255 0 0 0 37.969688 23.740558 110.0 343.6 0.6 
20:23:00.781 82.0 7.2 3.9 3.3 313.0 120.4 -197.8 115.2 -5.0 86.0 12.0 127 127 26 127 59 85 255 0 0 0 37.969688 23.740558 110.0 343.6 0.6 
20:23:01.287 82.0 7.2 4.4 3.3 313.0 120.6 -197.8 115.2 -5.0 86.0 12.0 127 127 26 127 59 85 255 0 0 0 37.969688 23.740558 110.0 343.6 0.6 
20:23:01.798 84.0 7.2 4.4 3.2 313.0 119.7 -197.8 115.2 -5.0 86.0 12.0 127 127 26 127 59 85 255 0 0 0 37.969688 23.740558 110.0 343.6 0.6 
20:23:02.305 84.0 7.2 4.3 3.4 313.0 120.3 -197.8 115.2 -5.0 86.0 12.0 127 127 26 127 59 85 255 0 0 0 37.969688 23.740558 110.0 343.6 0.6 
20:23:02.814 84.0 7.2 4.4 3.4 313.0 120.7 -197.8 115.2 -5.0 86.0 12.0 127 127 26 127 59 85 255 0 0 0 37.969688 23.740558 110.0 343.6 0.6 
20:23:03.323 84.0 7.2 4.3 3.4 313.0 120.1 -197.8 115.2 -5.0 86.0 12.0 127 181 26 127 59 85 255 0 0 0 37.969688 23.740558 110.0 343.6 0.6 
20:23:03.831 84.0 7.2 4.4 3.4 313.0 120.8 -197.8 115.2 -5.0 86.0 27.0 127 127 63 127 59 85 255 0 0 0 37.969688 23.740558 110.0 343.6 0.6 
20:23:04.343 84.0 7.2 9.4 9.9 296.0 84.9 -197.8 99.2 -48.0 130.0 32.0 0 127 71 127 59 85 255 0 0 0 37.969688 23.740558 50.4 343.6 0.6 
20:23:04.853 79.0 7.1 0.4 12.6 238.0 29.2 -197.8 41.2 -46.0 130.0 32.0 0 127 71 127 59 85 255 0 0 0 37.969688 23.740558 -5.6 343.6 0.6 
20:23:05.360 79.0 7.1 -0.6 15.0 171.0 330.7 -197.8 335.2 -50.0 130.0 32.0 0 127 70 127 59 85 255 0 0 0 37.969688 23.740558 284.4 343.6 0.6 
20:23:05.869 79.0 7.1 -6.7 19.6 94.0 241.2 -197.8 258.2 -16.0 104.0 0 58 127 1 127 59 85 255 0 0 0 37.969688 23.740558 241.6 343.6 0.6 
20:23:06.377 79.0 7.1 -4.6 6.5 77.0 246.3 -197.8 239.2 7.0 85.0 0 127 127 1 127 59 85 255 0 0 0 37.969688 23.740558 246.2 343.6 0.6 
20:23:06.887 84.0 7.2 -3.5 5.6 77.0 245.8 -197.8 239.2 7.0 85.0 0 127 127 1 127 59 85 255 0 0 0 37.969688 23.740558 246.2 343.6 0.6 
20:23:07.395 84.0 7.2 0.4 5.5 77.0 229.5 -197.8 239.2 7.0 85.0 0 127 127 1 127 59 85 255 0 0 0 37.969688 23.740558 246.2 343.6 0.6 
20:23:07.902 84.0 7.2 1.0 5.3 77.0 230.5 -197.8 239.2 7.0 85.0 0 127 127 1 127 59 85 255 0 0 0 37.969665 23.740486 246.2 62.4 7.0 
20:23:08.408 84.0 7.2 1.0 5.2 77.0 230.7 -197.8 239.2 7.0 85.0 0 127 127 1 127 59 85 255 0 0 0 37.969665 23.740486 246.2 62.4 7.0 
20:23:08.915 84.0 7.2 1.0 5.4 77.0 230.1 -197.8 239.2 7.0 85.0 0 127 127 1 127 59 85 255 0 0 0 37.969665 23.740486 246.2 62.4 7.0 
20:23:09.425 84.0 7.2 1.0 5.4 78.0 231.4 -197.8 240.2 6.0 85.0 0 127 127 1 127 59 85 255 0 0 0 37.969665 23.740486 246.2 62.4 7.0 
20:23:09.934 84.0 7.2 1.0 5.3 78.0 230.7 -197.8 240.2 6.0 85.0 0 127 127 1 127 59 85 255 0 0 0 37.969665 23.740486 246.2 62.4 7.0 
20:23:10.441 84.0 7.2 0.9 5.6 78.0 230.3 -197.8 240.2 6.0 85.0 0 127 127 1 127 59 85 255 0 0 0 37.969665 23.740486 246.2 62.4 7.0 
20:23:10.949 86.0 7.2 0.9 5.5 78.0 231.5 -197.8 240.2 6.0 85.0 0 127 127 1 127 59 85 255 0 0 0 37.969665 23.740486 246.2 62.4 7.0 
20:23:11.458 86.0 7.2 1.0 5.4 78.0 230.2 -197.8 240.2 6.0 85.0 0 127 127 1 127 59 85 255 0 0 0 37.969665 23.740486 246.2 62.4 7.0 
20:23:11.970 84.0 7.2 1.0 5.3 78.0 229.7 -197.8 240.2 6.0 85.0 0 127 127 1 127 59 85 255 0 0 0 37.969665 23.740486 246.2 62.4 7.0 
20:23:12.481 86.0 7.2 1.0 5.3 78.0 230.3 -197.8 240.2 6.0 85.0 0 127 127 1 127 59 85 255 0 0 0 37.969665 23.740486 246.2 62.4 7.0 
20:23:12.993 86.0 7.2 0.9 5.5 78.0 230.7 -197.8 240.2 6.0 85.0 0 127 127 1 127 59 85 255 0 0 0 37.969665 23.740486 246.2 62.4 7.0 
20:23:13.500 86.0 7.2 1.0 5.4 78.0 229.2 -197.8 240.2 6.0 85.0 0 127 127 1 127 59 85 255 0 0 0 37.969665 23.740486 246.2 62.4 7.0 
20:23:14.009 86.0 7.2 1.0 5.3 79.0 230.6 -197.8 241.2 5.0 86.0 0 127 127 1 127 59 85 255 0 0 0 37.969669 23.740482 246.2 69.3 7.0 
20:23:14.517 84.0 7.2 1.0 5.4 79.0 232.7 -197.8 241.2 5.0 86.0 0 127 127 1 127 59 85 255 0 0 0 37.969669 23.740482 246.2 69.3 7.0 
20:23:15.026 84.0 7.2 1.0 5.3 79.0 230.5 -197.8 241.2 5.0 86.0 0 127 127 1 127 59 85 255 0 0 0 37.969669 23.740482 246.2 69.3 7.0 
20:23:15.534 86.0 7.2 1.0 5.4 79.0 231.0 -197.8 241.2 5.0 86.0 0 127 127 1 127 59 85 255 0 0 0 37.969669 23.740482 246.2 69.3 7.0 
20:23:16.042 86.0 7.2 1.0 5.4 79.0 230.7 -197.8 241.2 5.0 86.0 0 127 127 1 127 59 85 255 0 0 0 37.969669 23.740482 246.2 69.3 7.0 
20:23:16.549 84.0 7.2 1.0 5.3 79.0 230.2 -197.8 241.2 5.0 86.0 0 127 127 1 127 59 85 255 0 0 0 37.969669 23.740482 246.2 69.3 7.0 
20:23:17.058 84.0 7.2 1.0 5.3 79.0 231.2 -197.8 241.2 5.0 86.0 0 127 127 1 127 59 85 255 0 0 0 37.969669 23.740482 246.2 69.3 7.0 
