20:23:24.681 86.0 7.2 0.9 5.3 81.0 230.1 -197.8 243.2 3.0 86.0 0 127 127 1 127 59 85 255 0 0 0 37.969669 23.740489 246.2 67.1 6.4 
20:23:25.189 86.0 7.2 0.9 5.4 81.0 230.9 -197.8 243.2 3.0 86.0 0 127 127 1 127 59 85 255 0 0 0 37.969669 23.740489 246.2 67.1 6.4 
20:23:25.696 84.0 7.2 0.9 5.3 81.0 230.9 -197.8 243.2 3.0 86.0 0 127 127 1 127 59 85 255 0 0 0 37.969673 23.740486 246.2 72.9 6.5 
20:23:26.205 84.0 7.2 1.0 5.3 81.0 230.6 -197.8 243.2 3.0 86.0 0 127 127 1 127 59 85 255 0 0 0 37.969673 23.740486 246.2 72.9 6.5 
20:23:26.712 86.0 7.2 1.0 5.3 81.0 230.5 -197.8 243.2 3.0 86.0 0 127 127 1 127 59 85 255 0 0 0 37.969673 23.740486 246.2 72.9 6.5 
20:23:27.219 86.0 7.2 0.9 5.4 81.0 231.0 -197.8 243.2 3.0 86.0 0 127 127 1 127 59 85 255 0 0 0 37.969673 23.740486 246.2 72.9 6.5 
20:23:27.729 86.0 7.2 1.0 5.3 81.0 230.3 -197.8 243.2 3.0 86.0 0 127 127 1 127 59 85 255 0 0 0 37.969673 23.740486 246.2 72.9 6.5 
20:23:28.237 86.0 7.2 0.9 5.4 82.0 230.6 -197.8 244.2 2.0 86.0 0 127 127 1 127 59 85 255 0 0 0 37.969673 23.740486 246.2 72.9 6.5 
20:23:28.746 86.0 7.2 1.0 5.4 82.0 231.0 -197.8 244.2 2.0 86.0 0 127 127 1 127 59 85 255 0 0 0 37.969673 23.740486 246.2 72.9 6.5 
20:23:29.253 86.0 7.2 1.0 5.3 82.0 229.8 -197.8 244.2 2.0 86.0 0 127 127 1 127 59 85 255 0 0 0 37.969673 23.740486 246.2 72.9 6.5 
20:23:29.760 86.0 7.2 1.0 5.4 82.0 231.2 -197.8 244.2 2.0 86.0 0 127 127 1 127 59 85 255 0 0 0 37.969673 23.740486 246.2 72.9 6.5 
20:23:30.270 86.0 7.2 1.0 5.4 82.0 231.2 -197.8 244.2 2.0 86.0 12.0 135 127 28 127 59 85 255 0 0 0 37.969673 23.740486 246.2 72.9 6.5 
20:23:30.779 84.0 7.2 0.9 5.4 82.0 231.7 -197.8 244.2 6.0 85.0 20.0 145 127 48 127 59 85 255 0 0 0 37.969673 23.740486 250.2 72.9 6.5 
20:23:31.286 84.0 7.2 9.7 3.9 82.0 220.6 -197.8 244.2 52.0 42.0 36.0 255 127 77 127 59 85 255 0 0 0 37.969673 23.740486 297.0 72.9 6.5 
20:23:31.794 79.0 7.1 3.7 -9.5 139.0 282.2 -197.8 299.2 47.0 42.0 36.0 255 127 77 127 59 85 255 0 0 0 37.969673 23.740486 347.0 72.9 6.5 
20:23:32.301 79.0 7.1 -0.6 -18.3 218.0 41.8 -197.8 18.2 50.0 42.0 36.0 255 127 77 127 59 85 255 0 0 0 37.969673 23.740486 69.0 72.9 6.5 
20:23:32.809 79.0 7.1 -0.6 -8.6 289.0 98.6 -197.8 90.2 -5.0 86.0 36.0 127 127 77 127 59 85 255 0 0 0 37.969684 23.740476 85.0 80.8 7.1 
20:23:33.318 79.0 7.1 6.1 2.9 285.0 79.8 -197.8 87.2 -2.0 86.0 36.0 127 127 77 127 59 85 255 0 0 0 37.969684 23.740476 85.0 80.8 7.1 
20:23:33.827 77.0 7.1 5.7 1.1 282.0 64.7 -197.8 84.2 0 86.0 36.0 127 127 77 127 59 85 255 0 0 0 37.969684 23.740476 85.0 80.8 7.1 
20:23:34.333 77.0 7.1 4.5 2.1 279.0 107.7 -197.8 81.2 3.0 86.0 36.0 127 127 77 127 59 85 255 0 0 0 37.969684 23.740476 85.0 80.8 7.1 
20:23:34.840 79.0 7.1 3.5 1.9 276.0 84.4 -197.8 78.2 6.0 85.0 36.0 127 127 77 127 59 85 255 0 0 0 37.969684 23.740476 85.0 80.8 7.1 
20:23:35.349 79.0 7.1 3.2 5.3 259.0 52.6 -197.8 61.2 5.0 86.0 36.0 127 127 77 127 59 85 255 0 0 0 37.969684 23.740476 66.2 80.8 7.1 
20:23:35.857 79.0 7.1 1.2 10.1 238.0 23.5 -197.8 40.2 4.0 86.0 36.0 127 127 77 127 59 85 255 0 0 0 37.969684 23.740476 44.6 80.8 7.1 
20:23:36.365 79.0 7.1 1.8 -5.7 257.0 78.0 -197.8 60.2 -2.0 86.0 36.0 127 127 77 127 59 85 255 0 0 0 37.969684 23.740476 58.2 80.8 7.1 
20:23:36.873 79.0 7.1 2.7 1.8 253.0 35.4 -197.8 55.2 3.0 86.0 36.0 127 127 77 127 59 85 255 0 0 0 37.969684 23.740476 58.2 80.8 7.1 
20:23:37.379 79.0 7.1 1.6 1.7 247.0 69.1 -197.8 48.2 10.0 84.0 36.0 127 127 77 127 59 85 255 0 0 0 37.969684 23.740476 58.2 80.8 7.1 
20:23:37.889 79.0 7.1 1.7 -5.7 251.0 42.4 -197.8 53.2 4.0 86.0 36.0 127 127 77 127 59 85 255 0 0 0 37.969684 23.740476 57.2 80.8 7.1 
20:23:38.395 79.0 7.1 2.9 4.1 248.0 18.9 -197.8 51.2 6.0 85.0 36.0 127 127 77 127 59 85 255 0 0 0 37.969684 23.740476 57.2 80.8 7.1 
20:23:38.904 81.0 7.1 2.3 -2.9 248.0 84.0 -197.8 50.2 7.0 85.0 36.0 126 127 77 127 59 85 255 0 0 0 37.969711 23.740579 57.2 226.6 2.8 
20:23:39.412 81.0 7.1 7.3 13.3 239.0 29.6 -197.8 43.2 -35.0 119.0 36.0 22 126 77 127 59 85 255 0 0 0 37.969711 23.740579 7.6 226.6 2.8 
20:23:39.921 77.0 7.1 -4.7 34.8 148.0 320.9 -197.8 313.2 4.0 91.0 36.0 107 127 77 127 59 85 255 0 0 0 37.969711 23.740579 317.2 226.6 2.8 
20:23:40.428 77.0 7.1 3.2 0.1 157.0 337.9 -197.8 319.2 -2.0 86.0 43.0 127 127 88 127 59 85 255 0 0 0 37.969711 23.740579 317.2 226.6 2.8 
20:23:40.936 77.0 7.1 6.7 2.5 154.0 308.3 -197.8 316.2 1.0 86.0 43.0 127 127 88 127 59 85 255 0 0 0 37.969711 23.740579 317.2 226.6 2.8 
20:23:41.445 77.0 7.1 5.4 2.7 152.0 289.7 -197.8 314.2 3.0 86.0 47.0 124 127 93 127 59 85 255 0 0 0 37.969711 23.740579 317.2 226.6 2.8 
20:23:41.955 74.0 7.0 0.7 25.9 124.0 232.4 -197.8 287.2 -23.0 107.0 46.0 47 127 92 127 59 85 255 0 0 0 37.969711 23.740579 264.0 226.6 2.8 
20:23:42.466 74.0 7.0 2.7 26.9 62.0 241.9 -197.8 224.2 7.0 85.0 46.0 127 127 92 127 59 85 255 0 0 0 37.969711 23.740579 231.2 226.6 2.8 
20:23:42.973 67.0 6.9 5.2 4.7 68.0 214.0 -197.8 230.2 1.0 86.0 46.0 127 127 92 127 59 85 255 0 0 0 37.969711 23.740579 231.2 226.6 2.8 
20:23:43.482 67.0 6.9 2.9 6.9 62.0 192.2 -197.8 224.2 7.0 85.0 46.0 127 127 92 127 59 85 255 0 0 0 37.969711 23.740579 231.2 226.6 2.8 
20:23:43.989 68.0 7.0 -2.3 4.4 67.0 193.3 -197.8 229.2 2.0 86.0 47.0 112 127 93 127 59 85 255 0 0 0 37.969738 23.733333 231.2 90.4 633.4 
20:23:44.500 68.0 7.0 -3.1 37.1 18.0 168.1 -197.8 182.2 -41.0 127.0 46.0 5 121 92 127 59 85 255 0 0 0 37.969738 23.733333 133.0 90.4 633.4 
20:23:45.011 72.0 7.0 0.5 23.8 317.0 113.5 -197.8 119.2 12.0 82.0 47.0 127 127 93 127 59 85 255 0 0 0 37.969738 23.733333 132.0 90.4 633.4 
20:23:45.520 72.0 7.0 6.0 1.0 328.0 120.2 -197.8 130.2 1.0 86.0 46.0 127 127 92 127 59 85 255 0 0 0 37.969738 23.733333 132.0 90.4 633.4 
20:23:46.030 72.0 7.0 1.9 -16.9 342.0 144.0 -197.8 143.2 0 85.0 46.0 141 125 92 127 59 85 255 0 0 0 37.969738 23.733333 143.8 90.4 633.4 
20:23:46.537 72.0 7.0 4.2 10.9 337.0 125.3 -197.8 140.2 3.0 86.0 46.0 127 127 92 127 59 85 255 0 0 0 37.969738 23.733333 143.8 90.4 633.4 
20:23:47.047 70.0 7.0 4.1 0.9 335.0 135.3 -197.8 138.2 5.0 85.0 47.0 127 127 93 127 59 85 255 0 0 0 37.969738 23.733333 143.8 90.4 633.4 
20:23:47.556 70.0 7.0 5.1 8.4 332.0 135.0 -197.8 134.2 9.0 85.0 46.0 127 127 92 127 59 85 255 0 0 0 37.969738 23.733333 143.8 90.4 633.4 
20:23:48.064 74.0 7.0 3.5 -0.6 339.0 133.3 -197.8 141.2 2.0 86.0 47.0 127 127 93 127 59 85 255 0 0 0 37.969738 23.733333 143.8 90.4 633.4 
20:23:48.573 74.0 7.0 5.8 1.1 334.0 142.9 -197.8 136.2 7.0 84.0 47.0 127 127 93 127 59 85 255 0 0 0 37.969738 23.733333 143.8 90.4 633.4 
20:23:49.080 68.0 7.0 8.9 3.5 333.0 132.8 -197.8 135.2 8.0 84.0 59.0 127 127 116 127 59 85 255 0 0 0 37.969635 23.740568 143.8 350.9 6.3 
20:23:49.587 68.0 7.0 7.4 -0.2 337.0 130.3 -197.8 139.2 4.0 86.0 59.0 127 127 128 127 59 85 255 0 0 0 37.969635 23.740568 143.8 350.9 6.3 
20:23:50.094 70.0 7.0 -0.4 -0.5 334.0 123.7 -197.8 136.2 7.0 84.0 59.0 127 127 128 127 59 85 255 0 0 0 37.969635 23.740568 143.8 350.9 6.3 
20:23:50.607 70.0 7.0 5.7 9.7 331.0 112.0 -197.8 134.2 9.0 84.0 59.0 127 127 128 127 59 85 255 0 0 0 37.969635 23.740568 143.8 350.9 6.3 
20:23:51.116 68.0 7.0 5.2 1.2 338.0 124.4 -197.8 140.2 3.0 86.0 59.0 127 127 128 127 59 85 255 0 0 0 37.969635 23.740568 143.8 350.9 6.3 
20:23:51.626 68.0 7.0 4.3 -9.8 342.0 144.6 -197.8 143.2 0 86.0 59.0 127 127 128 127 59 85 255 0 0 0 37.969635 23.740568 143.8 350.9 6.3 
20:23:52.133 67.0 6.9 6.4 15.5 329.0 136.3 -197.8 131.2 12.0 82.0 59.0 127 127 128 127 59 85 255 0 0 0 37.969635 23.740568 143.8 350.9 6.3 
20:23:52.645 67.0 6.9 5.2 -1.7 339.0 145.5 -197.8 141.2 2.0 86.0 23.0 142 127 55 106 59 85 255 0 0 0 37.969635 23.740568 143.8 350.9 6.3 
20:23:53.152 79.0 7.1 -10.5 -30.1 26.0 164.9 -197.8 187.2 44.0 42.0 9.0 255 127 17 127 59 85 255 0 0 0 37.969635 23.740568 232.0 350.9 6.3 
20:23:53.662 79.0 7.1 -12.5 -32.8 113.0 250.8 -197.8 273.2 49.0 42.0 13.0 255 127 29 127 59 85 255 0 0 0 37.969505 23.740686 323.0 331.0 23.5 
20:23:54.171 72.0 7.0 4.4 -15.7 180.0 345.2 -197.8 341.2 6.0 77.0 52.0 172 127 99 127 59 85 255 0 0 0 37.969505 23.740686 348.0 331.0 23.5 
20:23:54.682 72.0 7.0 8.3 2.0 204.0 11.5 -197.8 7.2 -5.0 99.0 52.0 76 127 99 127 59 85 255 0 0 0 37.969505 23.740686 -8.4 331.0 23.5 
20:23:55.192 70.0 7.0 5.9 17.7 153.0 300.2 -197.8 315.2 10.0 84.0 52.0 127 127 99 127 59 85 255 0 0 0 37.969505 23.740686 325.4 331.0 23.5 
20:23:55.703 70.0 7.0 9.1 5.0 158.0 305.3 -197.8 320.2 5.0 86.0 59.0 127 127 133 127 59 85 255 0 0 0 37.969528 23.740669 325.4 331.6 20.7 
20:23:56.214 39.0 6.5 7.5 -0.9 158.0 307.8 -197.8 320.2 5.0 86.0 59.0 127 127 198 127 59 85 255 0 0 0 37.969528 23.740669 325.4 331.6 20.7 
20:23:56.723 39.0 6.5 5.2 1.9 154.0 305.4 -197.8 316.2 9.0 83.0 59.0 127 127 205 127 59 85 255 0 0 0 37.969528 23.740669 325.4 331.6 20.7 
20:23:57.231 65.0 6.9 3.3 8.2 159.0 296.0 -197.8 321.2 4.0 86.0 59.0 127 127 205 128 59 85 255 0 0 0 37.969528 23.740669 325.4 331.6 20.7 
20:23:57.741 65.0 6.9 6.6 6.7 153.0 274.4 -197.8 315.2 10.0 83.0 59.0 127 127 209 128 59 85 255 0 0 0 37.969528 23.740669 325.4 331.6 20.7 
20:23:58.249 30.0 6.4 2.8 1.7 160.0 316.7 -197.8 322.2 3.0 86.0 59.0 127 127 255 127 59 85 255 0 0 0 37.969528 23.740669 325.4 331.6 20.7 
20:23:58.758 30.0 6.4 2.9 -5.6 159.0 305.5 -197.8 321.2 4.0 85.0 59.0 127 127 255 127 59 85 255 0 0 0 37.969528 23.740669 325.4 331.6 20.7 
20:23:59.264 67.0 6.9 1.2 6.9 158.0 302.3 -197.8 320.2 5.0 86.0 59.0 127 127 128 127 59 85 255 0 0 0 37.969528 23.740669 325.4 331.6 20.7 
20:23:59.773 67.0 6.9 -6.9 -8.3 162.0 296.6 -197.8 324.2 1.0 86.0 19.0 127 127 47 127 59 85 255 0 0 0 37.969528 23.740669 325.4 331.6 20.7 
20:24:00.280 84.0 7.2 -7.1 3.6 158.0 300.5 -197.8 320.2 5.0 86.0 19.0 127 127 47 127 59 85 255 0 0 0 37.969528 23.740669 325.4 331.6 20.7 
20:24:00.787 84.0 7.2 -6.6 1.5 158.0 271.6 -197.8 320.2 5.0 86.0 9.0 127 127 18 127 59 85 255 0 0 0 37.969528 23.740669 325.4 331.6 20.7 
20:24:01.296 79.0 7.1 -3.0 3.0 155.0 285.8 -197.8 317.2 8.0 84.0 0 127 127 8 127 59 85 255 0 0 0 37.969528 23.740669 325.4 331.6 20.7 
20:24:01.809 79.0 7.1 -5.8 2.8 157.0 284.2 -197.8 319.2 6.0 91.0 0 110 127 8 127 59 85 255 0 0 0 37.969699 23.740493 313.2 101.7 5.6 
20:24:02.318 81.0 7.1 -7.3 23.8 116.0 273.8 -197.8 279.2 -13.0 100.0 0 68 127 8 127 59 85 255 0 0 0 37.969699 23.740493 265.4 101.7 5.6 
20:24:02.829 81.0 7.1 -10.8 26.7 37.0 182.7 -197.8 201.2 -22.0 109.0 0 43 127 8 127 59 85 255 0 0 0 37.969699 23.740493 178.6 101.7 5.6 
20:24:03.338 81.0 7.1 -5.7 8.3 11.0 150.8 -197.8 173.2 -17.0 101.0 16.0 65 127 38 127 59 85 255 0 0 0 37.969699 23.740493 156.2 101.7 5.6 
20:24:03.844 81.0 7.1 2.8 4.5 8.0 156.9 -197.8 170.2 -18.0 101.0 16.0 65 127 38 127 59 85 255 0 0 0 37.969699 23.740493 152.2 101.7 5.6 
20:24:04.351 81.0 7.1 4.1 4.6 8.0 157.9 -197.8 170.2 -18.0 101.0 20.0 67 127 49 127 59 85 255 0 0 0 37.969699 23.740493 152.2 101.7 5.6 
20:24:04.862 81.0 7.1 11.8 3.8 8.0 152.0 -197.8 170.2 -8.0 88.0 31.0 127 127 69 127 59 85 255 0 0 0 37.969699 23.740493 161.8 101.7 5.6 
20:24:05.368 75.0 7.1 5.6 3.7 4.0 142.3 -197.8 166.2 -6.0 91.0 32.0 102 127 71 127 59 85 255 0 0 0 37.969699 23.740493 160.2 101.7 5.6 
20:24:05.877 75.0 7.1 6.6 7.3 348.0 143.7 -197.8 151.2 -7.0 94.0 37.0 93 127 79 127 59 85 255 0 0 0 37.969699 23.740493 143.6 101.7 5.6 
20:24:06.387 75.0 7.1 6.8 7.9 325.0 116.4 -197.8 128.2 -9.0 94.0 39.0 93 127 81 127 59 85 255 0 0 0 37.969699 23.740493 118.6 101.7 5.6 
20:24:06.894 75.0 7.1 6.7 3.9 294.0 124.7 -197.8 96.2 5.0 86.0 38.0 127 127 80 127 59 85 255 0 0 0 37.969699 23.740493 101.6 101.7 5.6 
20:24:07.403 72.0 7.0 3.3 -9.5 325.0 124.8 -197.8 127.2 -8.0 88.0 38.0 127 127 80 127 59 85 255 0 0 0 37.969699 23.740493 119.0 101.7 5.6 
20:24:07.909 72.0 7.0 4.4 3.2 316.0 111.5 -197.8 119.2 9.0 78.0 38.0 166 127 80 127 59 85 255 0 0 0 37.969699 23.740493 128.8 101.7 5.6 
20:24:08.419 77.0 7.1 1.7 -9.9 350.0 134.8 -197.8 151.2 6.0 78.0 38.0 169 127 80 127 59 85 255 0 0 0 37.969699 23.740493 157.8 101.7 5.6 
20:24:08.929 77.0 7.1 5.0 1.9 354.0 136.3 -197.8 156.2 1.0 86.0 45.0 127 127 90 127 59 85 255 0 0 0 37.969699 23.740493 157.8 101.7 5.6 
20:24:09.436 67.0 6.9 9.4 3.8 346.0 121.6 -197.8 149.2 8.0 84.0 51.0 127 127 98 127 59 85 255 0 0 0 37.969699 23.740493 157.8 101.7 5.6 
20:24:09.943 67.0 6.9 7.9 6.3 346.0 138.1 -197.8 148.2 9.0 84.0 51.0 127 127 98 127 59 85 255 0 0 0 37.969699 23.740493 157.8 101.7 5.6 
20:24:10.453 70.0 7.0 11.4 -0.7 351.0 136.1 -197.8 152.2 -6.0 91.0 51.0 105 127 98 127 59 85 255 0 0 0 37.969699 23.740493 146.2 101.7 5.6 
20:24:10.960 70.0 7.0 5.9 29.0 304.0 94.6 -197.8 107.2 -2.0 91.0 51.0 106 127 98 127 59 85 255 0 0 0 37.969699 23.740493 105.2 101.7 5.6 
20:24:11.468 70.0 7.0 3.1 32.0 251.0 36.5 -197.8 55.2 -3.0 93.0 51.0 94 127 98 127 59 85 255 0 0 0 37.969699 23.740493 51.8 101.7 5.6 
20:24:11.976 70.0 7.0 1.8 32.6 199.0 347.6 -197.8 3.2 -6.0 92.0 51.0 100 127 98 127 59 85 255 0 0 0 37.969699 23.740493 -3.0 101.7 5.6 
20:24:12.483 70.0 7.0 3.8 -0.7 183.0 322.4 -197.8 344.2 8.0 83.0 51.0 127 127 98 127 59 85 255 0 0 0 37.969699 23.740493 352.2 101.7 5.6 
20:24:12.992 70.0 7.0 4.6 8.9 180.0 338.5 -197.8 342.2 10.0 83.0 51.0 127 127 98 127 59 85 255 0 0 0 37.969699 23.740493 352.2 101.7 5.6 
20:24:13.500 72.0 7.0 1.6 2.7 185.0 335.3 -197.8 347.2 5.0 86.0 51.0 127 127 98 127 59 85 255 0 0 0 37.969699 23.740493 352.2 101.7 5.6 
20:24:14.009 72.0 7.0 3.6 -6.6 189.0 338.1 -197.8 351.2 1.0 86.0 51.0 127 127 98 127 59 85 255 0 0 0 37.969699 23.740493 352.2 101.7 5.6 
20:24:14.520 72.0 7.0 3.6 4.4 181.0 332.3 -197.8 342.2 10.0 81.0 51.0 127 127 98 127 59 85 255 0 0 0 37.969699 23.740493 352.2 101.7 5.6 
20:24:15.027 72.0 7.0 2.5 9.0 181.0 322.5 -197.8 344.2 8.0 84.0 51.0 127 127 98 127 59 85 255 0 0 0 37.969699 23.740493 352.2 101.7 5.6 
20:24:15.535 70.0 7.0 1.2 -3.5 189.0 16.6 -197.8 351.2 1.0 86.0 51.0 127 127 98 127 59 85 255 0 0 0 37.969699 23.740493 352.2 101.7 5.6 
20:24:16.045 70.0 7.0 1.7 2.1 180.0 326.7 -197.8 341.2 11.0 81.0 51.0 122 127 98 127 59 85 255 0 0 0 37.969699 23.740493 352.2 101.7 5.6 
20:24:16.552 60.0 6.8 -0.6 6.1 182.0 357.1 -197.8 345.2 7.0 85.0 51.0 112 127 98 127 59 85 255 0 0 0 37.969699 23.740493 352.2 101.7 5.6 
20:24:17.060 60.0 6.8 2.8 34.6 138.0 275.6 -197.8 301.2 -13.0 100.0 51.0 71 127 98 127 59 85 255 0 0 0 37.969699 23.740493 287.4 101.7 5.6 
20:24:17.568 44.0 6.6 4.6 22.6 102.0 261.4 -197.8 265.2 8.0 84.0 51.0 127 127 98 127 59 85 255 0 0 0 37.969699 23.740493 273.8 101.7 5.6 
20:24:18.079 44.0 6.6 2.9 34.3 71.0 203.7 -197.8 234.2 -15.0 100.0 51.0 71 127 98 127 59 85 255 0 0 0 37.969699 23.740493 218.4 101.7 5.6 
20:24:18.587 65.0 6.9 4.6 29.0 25.0 205.4 -197.8 187.2 9.0 84.0 51.0 119 127 98 127 59 85 255 0 0 0 37.969699 23.740493 196.2 101.7 5.6 
20:24:19.097 65.0 6.9 2.3 21.0 18.0 149.4 -197.8 182.2 -5.0 95.0 51.0 87 127 98 127 59 85 255 0 0 0 37.969699 23.740493 176.4 101.7 5.6 
20:24:19.606 67.0 6.9 3.6 17.4 344.0 139.5 -197.8 145.2 10.0 83.0 51.0 127 127 98 127 59 85 255 0 0 0 37.969699 23.740493 155.6 101.7 5.6 
20:24:20.114 67.0 6.9 2.7 4.7 350.0 139.5 -197.8 153.2 2.0 86.0 51.0 127 127 98 127 59 85 255 0 0 0 37.969699 23.740493 155.6 101.7 5.6 
20:24:20.624 68.0 7.0 6.4 5.0 343.0 124.8 -197.8 145.2 10.0 82.0 59.0 127 127 115 127 59 85 255 0 0 0 37.969699 23.740493 155.6 101.7 5.6 
20:24:21.134 68.0 7.0 6.8 10.4 342.0 125.3 -197.8 145.2 10.0 83.0 59.0 127 127 123 127 59 85 255 0 0 0 37.969699 23.740493 155.6 101.7 5.6 
20:24:21.642 67.0 6.9 5.3 -1.0 355.0 141.5 -197.8 157.2 -1.0 86.0 59.0 127 127 128 127 59 85 255 0 0 0 37.969699 23.740493 155.6 101.7 5.6 
20:24:22.149 67.0 6.9 6.6 15.6 339.0 128.0 -197.8 142.2 13.0 82.0 59.0 127 127 187 127 59 85 255 0 0 0 37.969699 23.740493 155.6 101.7 5.6 
20:24:22.657 67.0 6.9 4.7 -2.4 355.0 141.3 -197.8 157.2 -1.0 86.0 59.0 127 127 210 127 59 85 255 0 0 0 37.969699 23.740493 155.6 101.7 5.6 
20:24:23.164 67.0 6.9 5.0 9.3 346.0 142.4 -197.8 148.2 7.0 85.0 59.0 127 127 178 127 59 85 255 0 0 0 37.969699 23.740493 155.6 101.7 5.6 
20:24:23.673 63.0 6.9 3.6 -2.3 350.0 136.6 -197.8 152.2 3.0 86.0 37.0 127 127 78 127 59 85 255 0 0 0 37.969699 23.740493 155.6 101.7 5.6 
20:24:24.183 63.0 6.9 -2.4 0.1 346.0 138.0 -197.8 147.2 8.0 84.0 30.0 127 127 68 127 59 85 255 0 0 0 37.969699 23.740493 155.6 101.7 5.6 
20:24:24.695 68.0 7.0 -3.0 5.9 347.0 135.1 -197.8 149.2 6.0 86.0 31.0 127 127 69 127 59 85 255 0 0 0 37.969642 23.740568 155.6 349.3 5.4 
20:24:25.202 68.0 7.0 -1.1 -0.7 349.0 120.6 -197.8 151.2 4.0 86.0 31.0 127 127 69 127 59 85 255 0 0 0 37.969642 23.740568 155.6 349.3 5.4 
20:24:25.710 54.0 6.8 3.6 -0.4 345.0 132.7 -197.8 147.2 8.0 84.0 46.0 127 127 91 127 59 90 255 0 0 0 37.969619 23.740587 155.6 342.2 8.8 
20:24:26.221 54.0 6.8 4.4 2.4 346.0 132.1 -197.8 148.2 7.0 85.0 46.0 127 127 92 127 59 116 255 0 0 0 37.969619 23.740587 155.6 342.2 8.8 
20:24:26.728 70.0 7.0 9.3 2.0 346.0 131.9 -197.8 149.2 6.0 85.0 59.0 127 127 110 127 59 128 255 0 0 0 37.969619 23.740587 155.6 342.2 8.8 
20:24:27.238 70.0 7.0 9.2 -3.6 351.0 131.5 -197.8 153.2 2.0 86.0 59.0 127 127 128 127 59 128 255 0 0 0 37.969619 23.740587 155.6 342.2 8.8 
20:24:27.746 63.0 6.9 7.4 2.7 347.0 128.7 -197.8 149.2 6.0 86.0 59.0 127 127 158 127 59 128 255 0 0 0 37.969619 23.740587 155.6 342.2 8.8 
20:24:28.253 63.0 6.9 5.7 2.2 349.0 133.1 -197.8 151.2 4.0 86.0 59.0 127 127 220 127 59 128 255 0 0 0 37.969619 23.740587 155.6 342.2 8.8 
20:24:28.763 58.0 6.8 4.2 -5.5 349.0 133.9 -197.8 151.2 4.0 86.0 59.0 127 127 240 127 59 128 255 0 0 0 37.969619 23.740587 155.6 342.2 8.8 
20:24:29.273 58.0 6.8 5.0 6.6 349.0 135.4 -197.8 152.2 3.0 86.0 56.0 127 127 104 127 59 128 255 0 0 0 37.969619 23.740587 155.6 342.2 8.8 
20:24:29.780 47.0 6.7 -4.4 0.2 350.0 137.7 -197.8 152.2 6.0 81.0 18.0 152 127 43 127 59 128 255 0 0 0 37.969619 23.740587 158.2 342.2 8.8 
20:24:30.287 47.0 6.7 -4.8 -18.0 18.0 156.0 -197.8 179.2 5.0 81.0 37.0 154 127 79 127 59 128 255 0 0 0 37.969619 23.740587 184.2 342.2 8.8 
20:24:30.795 74.0 7.0 -2.0 -22.4 62.0 195.8 -197.8 223.2 4.0 81.0 37.0 149 127 79 127 59 128 255 0 0 0 37.969619 23.740587 227.2 342.2 8.8 
20:24:31.304 74.0 7.0 0.2 -1.4 69.0 195.6 -197.8 231.2 4.0 81.0 37.0 154 127 79 127 59 128 255 0 0 0 37.969619 23.740587 235.2 342.2 8.8 
20:24:31.813 74.0 7.0 0.4 -12.4 103.0 232.0 -197.8 265.2 7.0 79.0 37.0 163 127 79 127 59 128 255 0 0 0 37.969619 23.740587 272.6 342.2 8.8 
20:24:32.322 74.0 7.0 9.0 6.9 108.0 221.4 -197.8 270.2 2.0 86.0 59.0 139 127 119 127 59 128 255 0 0 0 37.969619 23.740587 272.6 342.2 8.8 
20:24:32.828 47.0 6.7 3.2 -21.8 132.0 241.8 -197.8 293.2 39.0 49.0 59.0 245 127 126 127 59 128 255 0 0 0 37.969619 23.740587 332.6 342.2 8.8 
20:24:33.337 47.0 6.7 4.5 -8.9 176.0 352.0 -197.8 338.2 -5.0 86.0 59.0 148 127 127 127 59 128 255 0 0 0 37.969619 23.740587 333.0 342.2 8.8 
20:24:33.845 65.0 6.9 1.3 -18.6 187.0 341.6 -197.8 347.2 7.0 77.0 59.0 171 127 127 127 59 128 255 0 0 0 37.969619 23.740587 355.0 342.2 8.8 
20:24:34.354 65.0 6.9 6.1 9.8 184.0 341.2 -197.8 346.2 8.0 86.0 59.0 130 127 127 127 59 128 255 0 0 0 37.969619 23.740587 355.0 342.2 8.8 
20:24:34.861 67.0 6.9 5.8 -7.6 192.0 346.5 -197.8 354.2 0 86.0 59.0 127 127 127 127 59 128 255 0 0 0 37.969619 23.740587 355.0 342.2 8.8 
20:24:35.370 67.0 6.9 5.2 9.8 179.0 321.1 -197.8 340.2 14.0 80.0 59.0 127 127 127 127 59 128 255 0 0 0 37.969619 23.740587 355.0 342.2 8.8 
20:24:35.881 63.0 6.9 2.0 8.5 184.0 342.8 -197.8 347.2 7.0 86.0 59.0 127 127 127 127 59 128 255 0 0 0 37.969619 23.740587 355.0 342.2 8.8 
20:24:36.391 60.0 6.8 3.0 -9.6 197.0 328.7 -197.8 359.2 -4.0 86.0 59.0 127 127 127 127 59 128 255 0 0 0 37.969619 23.740587 355.0 342.2 8.8 
20:24:36.899 60.0 6.8 5.2 4.3 192.0 10.5 -197.8 354.2 0 86.0 59.0 127 127 127 127 59 128 255 0 0 0 37.969585 23.740568 355.0 355.2 12.0 
20:24:37.409 46.0 6.6 3.0 12.3 185.0 339.6 -197.8 347.2 7.0 85.0 59.0 127 127 127 127 59 128 255 0 0 0 37.969585 23.740568 355.0 355.2 12.0 
20:24:37.916 46.0 6.6 0.7 -8.4 196.0 344.4 -197.8 358.2 -3.0 86.0 59.0 127 127 127 127 59 128 255 0 0 0 37.969585 23.740568 355.0 355.2 12.0 
20:24:38.426 63.0 6.9 5.8 11.4 191.0 340.2 -197.8 353.2 1.0 86.0 59.0 127 127 126 127 59 128 255 0 0 0 37.969585 23.740568 355.0 355.2 12.0 
20:24:38.934 63.0 6.9 -5.2 6.0 186.0 324.8 -197.8 348.2 6.0 85.0 27.0 127 127 62 127 59 128 255 0 0 0 37.969585 23.740568 355.0 355.2 12.0 
20:24:39.441 77.0 7.1 -6.5 -7.5 199.0 348.6 -197.8 1.2 -7.0 87.0 11.0 127 127 23 127 59 128 255 0 0 0 37.969585 23.740568 355.0 355.2 12.0 
20:24:39.950 77.0 7.1 -8.4 3.9 193.0 349.3 -197.8 356.2 -1.0 86.0 0 118 127 7 127 59 128 255 0 0 0 37.969585 23.740568 355.0 355.2 12.0 
20:24:40.457 77.0 7.1 -6.3 4.1 189.0 333.8 -197.8 351.2 3.0 86.0 0 113 127 7 127 59 128 255 0 0 0 37.969585 23.740568 355.0 355.2 12.0 
20:24:40.967 77.0 7.1 -8.3 24.1 156.0 283.8 -197.8 319.2 -3.0 93.0 15.0 95 127 36 127 59 128 255 0 0 0 37.969585 23.740568 310.8 355.2 12.0 
20:24:41.474 77.0 7.1 -7.0 26.7 103.0 209.9 -197.8 266.2 -7.0 95.0 15.0 85 127 36 127 59 128 255 0 0 0 37.969585 23.740568 258.4 355.2 12.0 
20:24:41.983 77.0 7.1 -7.1 12.3 67.0 198.6 -197.8 229.2 3.0 86.0 21.0 127 127 51 127 59 128 255 0 0 0 37.969585 23.740568 232.6 355.2 12.0 
20:24:42.490 75.0 7.1 1.5 5.2 67.0 212.7 -197.8 229.2 3.0 86.0 27.0 127 127 62 127 59 128 255 0 0 0 37.969585 23.740568 232.6 355.2 12.0 
20:24:42.999 75.0 7.1 6.0 5.0 65.0 196.7 -197.8 227.2 5.0 86.0 41.0 127 127 84 127 59 128 255 0 0 0 37.969585 23.740568 232.6 355.2 12.0 
20:24:43.507 39.0 6.5 9.0 0.1 68.0 205.2 -197.8 230.2 2.0 91.0 47.0 105 127 93 127 59 128 255 0 0 0 37.969585 23.740568 224.2 355.2 12.0 
20:24:44.014 39.0 6.5 5.2 25.6 25.0 164.3 -197.8 189.2 -6.0 93.0 47.0 97 127 93 127 59 128 255 0 0 0 37.969585 23.740568 182.8 355.2 12.0 
20:24:44.523 68.0 7.0 6.6 5.7 1.0 131.8 -197.8 162.2 7.0 84.0 47.0 127 127 93 127 59 128 255 0 0 0 37.969585 23.740568 169.2 355.2 12.0 
20:24:45.032 68.0 7.0 3.8 3.8 5.0 149.1 -197.8 167.2 2.0 86.0 24.0 127 127 56 127 59 128 255 0 0 0 37.969585 23.740568 169.2 355.2 12.0 
20:24:45.540 75.0 7.1 -0.1 5.9 2.0 158.2 -197.8 164.2 5.0 86.0 29.0 127 127 65 127 59 128 255 0 0 0 37.969585 23.740568 169.2 355.2 12.0 
20:24:46.047 75.0 7.1 1.1 0.0 3.0 169.3 -197.8 164.2 5.0 86.0 30.0 127 127 68 127 59 128 255 0 0 0 37.969585 23.740568 169.2 355.2 12.0 
20:24:46.555 74.0 7.0 4.7 2.6 2.0 140.3 -197.8 164.2 5.0 86.0 35.0 127 127 76 127 59 128 255 0 0 0 37.969585 23.740568 169.2 355.2 12.0 
20:24:47.063 74.0 7.0 1.0 2.9 2.0 155.8 -197.8 164.2 5.0 86.0 16.0 127 127 39 127 59 128 255 0 0 0 37.969585 23.740568 169.2 355.2 12.0 
20:24:47.571 77.0 7.1 -2.8 5.0 3.0 154.6 -197.8 165.2 4.0 86.0 0 127 127 1 128 59 128 255 0 0 0 37.969585 23.740568 169.2 355.2 12.0 
20:24:48.079 77.0 7.1 -4.5 4.7 3.0 147.9 -197.8 165.2 4.0 86.0 0 127 127 1 127 59 128 255 0 0 0 37.969585 23.740568 169.2 355.2 12.0 
20:24:48.587 79.0 7.1 3.1 4.2 3.0 141.3 -197.8 165.2 4.0 86.0 0 127 127 1 127 59 128 255 0 0 0 37.969585 23.740568 169.2 355.2 12.0 
20:24:49.094 79.0 7.1 3.3 4.1 4.0 140.8 -197.8 166.2 3.0 86.0 0 127 127 1 127 59 128 255 0 0 0 37.969585 23.740568 169.2 355.2 12.0 
20:24:49.602 79.0 7.1 3.4 4.1 4.0 141.8 -197.8 166.2 3.0 86.0 0 127 127 1 127 59 128 255 0 0 0 37.969585 23.740568 169.2 355.2 12.0 
20:24:50.111 79.0 7.1 3.3 4.2 4.0 141.3 -197.8 166.2 3.0 86.0 0 127 127 1 127 59 128 255 0 0 0 37.969585 23.740568 169.2 355.2 12.0 
20:24:50.619 79.0 7.1 3.4 4.1 4.0 141.3 -197.8 166.2 3.0 86.0 0 127 127 1 127 59 128 255 0 0 0 37.969585 23.740568 169.2 355.2 12.0 
20:24:51.129 79.0 7.1 3.4 4.2 4.0 141.4 -197.8 166.2 3.0 86.0 0 127 127 1 127 59 128 255 0 0 0 37.969585 23.740568 169.2 355.2 12.0 
20:24:51.637 81.0 7.1 3.3 4.2 4.0 141.6 -197.8 166.2 3.0 86.0 0 127 127 1 127 59 128 255 0 0 0 37.969585 23.740568 169.2 355.2 12.0 
20:24:52.145 81.0 7.1 3.3 4.3 4.0 141.1 -197.8 166.2 3.0 86.0 0 127 127 1 127 59 128 255 0 0 0 37.969585 23.740568 169.2 355.2 12.0 
20:24:52.653 79.0 7.1 3.3 4.2 4.0 141.3 -197.8 166.2 3.0 86.0 0 127 127 1 127 59 128 255 0 0 0 37.969585 23.740568 169.2 355.2 12.0 
20:24:53.162 79.0 7.1 3.4 4.1 4.0 142.3 -197.8 166.2 3.0 86.0 0 127 127 1 127 59 128 255 0 0 0 37.969585 23.740568 169.2 355.2 12.0 
20:24:53.672 79.0 7.1 3.3 4.1 5.0 141.2 -197.8 167.2 2.0 86.0 0 127 127 1 127 59 128 255 0 0 0 37.969676 23.740499 169.2 69.3 5.4 
20:24:54.182 79.0 7.1 3.4 4.1 5.0 141.2 -197.8 167.2 2.0 86.0 0 127 127 1 127 59 128 255 0 0 0 37.969676 23.740499 169.2 69.3 5.4 
20:24:54.691 81.0 7.1 3.3 4.1 5.0 141.2 -197.8 167.2 2.0 86.0 0 127 127 1 127 59 128 255 0 0 0 37.969676 23.740499 169.2 69.3 5.4 
20:24:55.199 81.0 7.1 3.4 4.1 5.0 141.3 -197.8 167.2 2.0 86.0 0 127 127 1 127 59 128 255 0 0 0 37.969676 23.740499 169.2 69.3 5.4 
