:58.867 100.0 7.4 -0.2 4.0 59.0 184.5 141.0 200.0 160.0 86.0 0 127 127 2 127 60 85 0 0 0 255 0.234844 0 0 27.4 4849709.5 
12:33:59.375 100.0 7.4 -0.2 4.0 59.0 184.5 141.0 200.0 160.0 86.0 0 127 127 2 127 60 85 0 0 0 255 0.234844 0 0 27.4 4849709.5 
12:33:59.883 100.0 7.4 -0.2 4.2 61.0 185.4 141.0 202.0 158.0 86.0 0 127 127 2 127 60 85 0 0 0 255 0.234844 0 0 27.4 4849709.5 
12:34:00.397 100.0 7.4 -0.6 3.8 71.0 194.3 141.0 212.0 148.0 86.0 0 127 127 2 127 60 85 0 0 0 255 0.234844 0 0 27.4 4849709.5 
12:34:00.905 100.0 7.4 -1.9 2.7 97.0 215.9 141.0 237.0 123.0 86.0 0 127 127 2 127 60 85 0 0 0 255 0.234844 0 0 27.4 4849709.5 
12:34:01.426 100.0 7.4 -2.8 0.7 113.0 232.2 141.0 254.0 106.0 86.0 0 127 127 2 127 60 85 0 0 0 255 0.234844 0 0 27.4 4849709.5 
12:34:01.940 100.0 7.4 -3.3 -0.2 121.0 242.5 141.0 262.0 98.0 86.0 0 127 127 2 127 60 85 0 0 0 255 0.234844 0 0 27.4 4849709.5 
12:34:02.449 100.0 7.4 -4.7 0.7 121.0 242.7 141.0 262.0 98.0 86.0 0 127 127 2 127 60 85 0 0 0 255 0.234844 0 0 27.4 4849709.5 
12:34:02.959 100.0 7.4 -4.7 1.4 121.0 243.2 141.0 262.0 98.0 86.0 0 127 127 2 127 60 85 0 0 0 255 0.234844 0 0 27.4 4849709.5 
12:34:03.472 100.0 7.4 4.8 -6.8 112.0 226.4 141.0 253.0 107.0 86.0 0 127 127 2 127 60 85 0 0 0 255 0.234844 0 0 27.4 4849709.5 
12:34:03.983 100.0 7.4 9.1 -4.3 112.0 235.6 141.0 253.0 107.0 86.0 0 127 127 2 127 60 85 0 0 0 255 0.234844 0 0 27.4 4849709.5 
12:34:04.499 100.0 7.4 3.6 -1.2 112.0 225.1 141.0 253.0 107.0 86.0 0 127 127 2 127 60 85 0 0 0 255 0.234844 0 0 27.4 4849709.5 
12:34:05.009 100.0 7.4 -2.0 0.7 112.0 228.3 141.0 253.0 107.0 86.0 0 127 127 2 127 60 85 0 0 0 255 0.234844 0 0 27.4 4849709.5 
12:34:05.516 100.0 7.4 -1.8 0.5 112.0 228.6 141.0 253.0 107.0 86.0 0 127 127 2 127 60 85 0 0 0 255 0.234844 0 0 27.4 4849709.5 
12:34:06.025 100.0 7.4 -1.1 -0.1 112.0 227.1 141.0 253.0 107.0 86.0 0 127 127 2 127 60 85 0 0 0 255 0.234844 0 0 27.4 4849709.5 
12:34:06.532 100.0 7.4 -0.7 -0.5 112.0 226.6 141.0 253.0 107.0 86.0 0 127 127 2 127 60 85 0 0 0 255 0.234844 0 0 27.4 4849709.5 
12:34:07.039 100.0 7.4 -1.3 0.0 112.0 227.9 141.0 253.0 107.0 86.0 0 127 127 2 127 60 85 0 0 0 255 0.234844 0 0 27.4 4849709.5 
12:34:07.547 100.0 7.4 -3.1 3.8 112.0 230.7 141.0 253.0 107.0 86.0 0 127 127 2 127 60 85 0 0 0 255 0.234844 0 0 27.4 4849709.5 
12:34:08.054 100.0 7.4 -3.7 3.4 112.0 231.3 141.0 253.0 107.0 86.0 0 127 127 2 127 60 85 0 0 0 255 0.234844 0 0 27.4 4849709.5 
12:34:08.564 100.0 7.4 -3.7 3.4 112.0 231.6 141.0 253.0 107.0 86.0 0 127 127 2 127 60 85 0 0 0 255 0.234844 0 0 27.4 4849709.5 
12:34:09.072 100.0 7.4 -3.7 3.3 112.0 231.1 141.0 253.0 107.0 86.0 0 127 127 2 127 60 85 0 0 0 255 0.234844 0 0 27.4 4849709.5 
12:34:09.579 100.0 7.4 -3.7 3.4 112.0 231.6 141.0 253.0 107.0 86.0 0 127 127 2 127 60 85 0 0 0 255 0.234844 0 0 27.4 4849709.5 
12:34:10.093 100.0 7.4 -3.7 3.3 112.0 231.4 141.0 253.0 107.0 86.0 0 127 127 2 127 60 85 0 0 0 255 0.234844 0 0 27.4 4849709.5 
12:34:10.603 100.0 7.4 -3.7 3.4 112.0 231.1 141.0 253.0 107.0 86.0 0 127 127 2 127 60 85 0 0 0 255 0.234844 0 0 27.4 4849709.5 
12:34:11.120 100.0 7.4 -3.7 3.4 112.0 231.5 141.0 253.0 107.0 86.0 0 127 127 2 127 60 85 0 0 0 255 0.234844 0 0 27.4 4849709.5 
12:34:11.626 100.0 7.4 -3.7 3.5 112.0 231.6 141.0 253.0 107.0 86.0 0 127 127 2 127 60 85 0 0 0 255 0.234844 0 0 27.4 4849709.5 
12:34:12.134 100.0 7.4 -3.7 3.4 112.0 231.6 141.0 253.0 107.0 86.0 0 127 127 2 127 60 85 0 0 0 255 0.234844 0 0 27.4 4849709.5 
12:34:12.647 100.0 7.4 -3.7 3.3 112.0 231.0 141.0 253.0 107.0 86.0 0 127 127 2 127 60 85 0 0 0 255 0.234844 0 0 27.4 4849709.5 
12:34:13.158 98.0 7.4 -3.7 3.4 112.0 231.5 141.0 253.0 107.0 86.0 0 127 127 2 127 60 85 0 0 0 255 0.234844 0 0 27.4 4849709.5 
12:34:13.671 98.0 7.4 -3.7 3.3 112.0 231.2 141.0 253.0 107.0 86.0 0 127 127 2 127 60 85 0 0 0 255 0.234844 0 0 27.4 4849709.5 
12:34:14.184 100.0 7.4 -3.7 3.4 112.0 231.6 141.0 253.0 107.0 86.0 0 127 127 2 127 60 85 0 0 0 255 0.234844 0 0 27.4 4849709.5 
12:34:14.700 100.0 7.4 -3.7 3.4 112.0 231.5 141.0 253.0 107.0 86.0 0 127 127 2 127 60 85 0 0 0 255 0.234844 0 0 27.4 4849709.5 
12:34:15.209 98.0 7.4 -3.8 3.4 112.0 230.9 141.0 253.0 107.0 86.0 0 127 127 2 127 60 85 0 0 0 255 0.234844 0 0 27.4 4849709.5 
12:34:15.721 98.0 7.4 -3.7 3.4 112.0 231.0 141.0 253.0 107.0 86.0 0 127 127 2 127 60 85 0 0 0 255 0.234844 0 0 27.4 4849709.5 
12:34:16.226 100.0 7.4 -3.7 3.4 112.0 231.1 141.0 253.0 107.0 86.0 0 127 127 2 127 60 85 0 0 0 255 0.234844 0 0 27.4 4849709.5 
12:34:16.741 100.0 7.4 -3.7 3.3 112.0 231.2 141.0 253.0 107.0 86.0 0 127 127 2 127 60 85 0 0 0 255 0.234844 0 0 27.4 4849709.5 
12:34:17.250 100.0 7.4 -3.7 3.3 112.0 230.9 141.0 253.0 107.0 86.0 0 127 127 2 127 60 85 0 0 0 255 0.234844 0 0 27.4 4849709.5 
12:34:17.763 100.0 7.4 -3.7 3.3 112.0 231.1 141.0 253.0 107.0 86.0 0 127 127 2 127 60 85 0 0 0 255 0.234844 0 0 27.4 4849709.5 
12:34:18.289 100.0 7.4 -3.7 3.3 112.0 230.9 141.0 253.0 107.0 86.0 0 127 127 2 127 60 85 0 0 0 255 0.234844 0 0 27.4 4849709.5 
12:34:18.796 100.0 7.4 -3.7 3.3 112.0 231.6 141.0 253.0 107.0 86.0 0 127 127 2 127 60 85 0 0 0 255 0.234844 0 0 27.4 4849709.5 
12:34:19.304 100.0 7.4 -3.8 3.5 112.0 231.2 141.0 253.0 107.0 86.0 0 127 127 2 127 60 85 0 0 0 255 0.234844 0 0 27.4 4849709.5 
12:34:19.816 100.0 7.4 -3.7 3.4 112.0 231.5 141.0 253.0 107.0 86.0 0 127 127 2 127 60 85 0 0 0 255 0.234844 0 0 27.4 4849709.5 
12:34:20.325 100.0 7.4 -3.7 3.5 112.0 231.3 141.0 253.0 107.0 86.0 0 127 127 2 127 60 85 0 0 0 255 0.234844 0 0 27.4 4849709.5 
12:34:20.832 100.0 7.4 -3.7 3.4 112.0 231.3 141.0 253.0 107.0 86.0 0 127 127 2 127 60 85 0 0 0 255 0.234844 0 0 27.4 4849709.5 
12:34:21.342 100.0 7.4 -3.7 3.4 112.0 231.9 141.0 253.0 107.0 86.0 0 127 127 2 127 60 85 0 0 0 255 0.234844 0 0 27.4 4849709.5 
12:34:21.853 100.0 7.4 -3.7 3.3 112.0 231.0 141.0 253.0 107.0 86.0 0 127 127 2 127 60 85 0 0 0 255 0.234844 0 0 27.4 4849709.5 
12:34:22.141 Disconnected
12:34:22.156 Connected to CDC device
12:34:22.362 100.0 7.4 -3.7 3.4 112.0 231.2 141.0 253.0 107.0 86.0 0 127 127 2 127 60 85 0 0 0 255 0.234844 0 0 27.4 4849709.5 
12:34:22.877 100.0 7.4 -3.8 3.5 112.0 231.1 141.0 253.0 107.0 86.0 0 127 127 2 127 60 85 0 0 0 255 0.234844 0 0 27.4 4849709.5 
12:34:23.390 100.0 7.4 -3.8 3.4 112.0 231.3 141.0 253.0 107.0 86.0 0 127 127 2 127 60 85 0 0 0 255 0.234844 0 0 27.4 4849709.5 
12:34:23.900 100.0 7.4 -3.7 3.3 112.0 230.3 141.0 253.0 107.0 86.0 0 127 127 2 127 60 85 0 0 0 255 0.234844 0 0 27.4 4849709.5 
12:34:24.412 100.0 7.4 -3.7 3.4 112.0 231.5 141.0 253.0 107.0 86.0 0 127 127 2 127 60 85 0 0 0 255 0.234844 0 0 27.4 4849709.5 
12:34:24.919 100.0 7.4 -3.7 3.4 112.0 231.1 141.0 253.0 107.0 86.0 0 127 127 2 127 60 85 0 0 0 255 0.234844 0 0 27.4 4849709.5 
12:34:25.426 100.0 7.4 -3.7 3.3 112.0 230.8 141.0 253.0 107.0 86.0 0 127 127 2 127 60 85 0 0 0 255 0.234844 0 0 27.4 4849709.5 
12:34:25.934 100.0 7.4 -3.7 3.4 112.0 231.5 141.0 253.0 107.0 86.0 0 127 127 2 127 60 85 0 0 0 255 0.234844 0 0 27.4 4849709.5 
12:34:26.443 100.0 7.4 -3.7 3.5 112.0 231.9 141.0 253.0 107.0 86.0 0 127 127 2 127 60 85 0 0 0 255 0.234844 0 0 27.4 4849709.5 
12:34:26.955 100.0 7.4 -3.7 3.4 112.0 231.3 141.0 253.0 107.0 86.0 0 127 127 2 127 60 85 0 0 0 255 0.234844 0 0 27.4 4849709.5 
12:34:27.462 100.0 7.4 -3.7 3.3 112.0 231.1 141.0 253.0 107.0 86.0 0 127 127 2 127 60 85 0 0 0 255 0.234844 0 0 27.4 4849709.5 
12:34:27.968 100.0 7.4 -3.7 3.4 112.0 231.0 141.0 253.0 107.0 86.0 0 127 127 2 127 60 85 0 0 0 255 0.234844 0 0 27.4 4849709.5 
12:34:28.477 100.0 7.4 -3.8 3.6 112.0 231.5 141.0 253.0 107.0 86.0 0 127 127 2 127 60 85 0 0 0 255 0.234844 0 0 27.4 4849709.5 
12:34:28.989 100.0 7.4 -3.7 3.4 112.0 231.0 141.0 253.0 107.0 86.0 0 127 127 2 127 60 85 0 0 0 255 0.234844 0 0 27.4 4849709.5 
12:34:29.501 100.0 7.4 -3.7 3.5 112.0 231.0 141.0 253.0 107.0 86.0 0 127 127 2 127 60 85 0 0 0 255 0.234844 0 0 27.4 4849709.5 
12:34:30.009 100.0 7.4 -3.8 3.5 112.0 231.6 141.0 253.0 107.0 86.0 0 127 127 2 127 60 85 0 0 0 255 0.234844 0 0 27.4 4849709.5 
12:34:30.517 100.0 7.4 -3.7 3.4 112.0 230.5 141.0 253.0 107.0 86.0 0 127 127 2 127 60 85 0 0 0 255 0.234844 0 0 27.4 4849709.5 
12:34:31.025 100.0 7.4 -3.7 3.4 112.0 231.5 141.0 253.0 107.0 86.0 0 127 127 2 127 60 85 0 0 0 255 0 0 0 27.4 4849709.5 
12:34:31.536 100.0 7.4 -3.7 3.5 112.0 231.4 141.0 253.0 107.0 86.0 0 127 127 2 127 60 85 0 0 0 255 0 0 0 27.4 4849709.5 
12:34:32.050 100.0 7.4 -3.8 3.4 112.0 231.2 141.0 253.0 107.0 86.0 0 127 127 2 127 60 85 0 0 0 255 0 0 0 27.4 4849709.5 
12:34:32.569 100.0 7.4 -3.7 3.4 112.0 231.6 141.0 253.0 107.0 86.0 0 127 127 2 127 60 85 0 0 0 255 0 0 0 27.4 4849709.5 
12:34:33.078 98.0 7.4 -3.7 3.3 112.0 231.7 141.0 253.0 107.0 86.0 0 127 127 2 127 60 85 0 0 0 255 0 0 0 27.4 4849709.5 
12:34:33.591 98.0 7.4 -3.8 3.5 112.0 230.8 141.0 253.0 107.0 86.0 0 127 127 2 127 60 85 0 0 0 255 0 0 0 27.4 4849709.5 
12:34:34.100 100.0 7.4 -3.7 3.5 112.0 230.7 141.0 253.0 107.0 86.0 0 127 127 2 127 60 85 0 0 0 255 0 0 0 27.4 4849709.5 
12:34:34.610 100.0 7.4 -3.7 3.3 112.0 231.7 141.0 253.0 107.0 86.0 0 127 127 2 127 60 85 0 0 0 255 0 0 0 27.4 4849709.5 
12:34:35.123 100.0 7.4 -3.7 3.3 112.0 231.2 141.0 253.0 107.0 86.0 0 127 127 2 127 60 85 0 0 0 255 0 0 0 27.4 4849709.5 
12:34:35.630 100.0 7.4 -3.7 3.4 112.0 232.1 141.0 253.0 107.0 86.0 0 127 127 2 127 60 85 0 0 0 255 0 0 0 27.4 4849709.5 
12:34:36.138 98.0 7.4 -3.7 3.5 112.0 231.8 141.0 253.0 107.0 86.0 0 127 127 2 127 60 85 0 0 0 255 0 0 0 27.4 4849709.5 
12:34:36.646 98.0 7.4 -3.7 3.3 112.0 230.9 141.0 253.0 107.0 86.0 0 127 127 2 127 60 85 0 0 0 255 0 0 0 27.4 4849709.5 
12:34:37.154 98.0 7.4 -3.7 3.2 112.0 231.2 141.0 253.0 107.0 86.0 0 127 127 2 127 60 85 0 0 0 255 0 0 0 27.4 4849709.5 
12:34:37.667 98.0 7.4 -3.8 3.4 112.0 231.2 141.0 253.0 107.0 86.0 0 127 127 2 127 60 85 0 0 0 255 0 0 0 27.4 4849709.5 
12:34:38.173 100.0 7.4 -3.8 3.4 112.0 231.2 141.0 253.0 107.0 86.0 0 127 127 2 127 60 85 0 0 0 255 0 0 0 27.4 4849709.5 
12:34:38.681 100.0 7.4 -3.7 3.3 112.0 232.2 141.0 253.0 107.0 86.0 0 127 127 2 127 60 85 0 0 0 255 0 0 0 27.4 4849709.5 
12:34:39.190 98.0 7.4 -3.7 3.5 112.0 231.9 141.0 253.0 107.0 86.0 0 127 127 2 127 60 85 0 0 0 255 0 0 0 27.4 4849709.5 
12:34:39.698 98.0 7.4 -3.8 3.4 112.0 231.4 141.0 253.0 107.0 86.0 0 127 127 2 127 60 85 0 0 0 255 0 0 0 27.4 4849709.5 
12:34:40.208 100.0 7.4 -3.7 3.4 112.0 230.9 141.0 253.0 107.0 86.0 0 127 127 2 127 60 85 0 0 0 255 0 0 0 27.4 4849709.5 
12:34:40.718 100.0 7.4 -3.7 3.4 112.0 231.9 141.0 253.0 107.0 86.0 0 127 127 2 127 60 85 0 0 0 255 0 0 0 27.4 4849709.5 
12:34:41.225 100.0 7.4 -3.7 3.4 112.0 232.1 141.0 253.0 107.0 86.0 0 127 127 2 127 60 85 0 0 0 255 0 0 0 27.4 4849709.5 
12:34:41.737 100.0 7.4 -3.7 3.4 112.0 231.0 141.0 253.0 107.0 86.0 0 127 127 2 127 60 85 0 0 0 255 0 0 0 27.4 4849709.5 
12:34:42.244 100.0 7.4 -3.7 3.3 112.0 231.3 141.0 253.0 107.0 86.0 0 127 127 2 127 60 85 0 0 0 255 0 0 0 27.4 4849709.5 
12:34:42.761 100.0 7.4 -3.7 3.3 112.0 231.2 141.0 253.0 107.0 86.0 0 127 127 2 127 60 85 0 0 0 255 0 0 0 27.4 4849709.5 
12:34:43.270 100.0 7.4 -3.7 3.4 112.0 231.0 141.0 253.0 107.0 86.0 0 127 127 2 127 60 85 0 0 0 255 0 0 0 27.4 4849709.5 
12:34:43.782 100.0 7.4 -3.7 3.3 112.0 231.4 141.0 253.0 107.0 86.0 0 127 127 2 127 60 85 0 0 0 255 0 0 0 27.4 4849709.5 
12:34:44.289 100.0 7.4 -3.7 3.4 112.0 231.0 141.0 253.0 107.0 86.0 0 127 127 2 127 60 85 0 0 0 255 0 0 0 27.4 4849709.5 
12:34:44.798 100.0 7.4 -3.7 3.4 112.0 231.7 141.0 253.0 107.0 86.0 0 127 127 2 127 60 85 0 0 0 255 0 0 0 27.4 4849709.5 
12:34:45.306 100.0 7.4 -3.7 3.4 112.0 231.3 141.0 253.0 107.0 86.0 0 127 127 2 127 60 85 0 0 0 255 0 0 0 27.4 4849709.5 
12:34:45.813 100.0 7.4 -3.7 3.4 112.0 231.4 141.0 253.0 107.0 86.0 0 127 127 2 127 60 85 0 0 0 255 0 0 0 27.4 4849709.5 
12:34:46.321 100.0 7.4 -3.8 3.5 112.0 231.7 141.0 253.0 107.0 86.0 0 127 127 2 127 60 85 0 0 0 255 0 0 0 27.4 4849709.5 
12:34:46.846 100.0 7.4 -3.7 3.3 112.0 231.3 141.0 253.0 107.0 86.0 0 127 127 2 127 60 85 0 0 0 255 0 0 0 27.4 4849709.5 
12:34:47.357 100.0 7.4 -3.7 3.4 112.0 231.5 141.0 253.0 107.0 86.0 0 127 127 2 127 60 85 0 0 0 255 0 0 0 27.4 4849709.5 
12:34:47.867 100.0 7.4 -3.7 3.4 112.0 231.3 141.0 253.0 107.0 86.0 0 127 127 2 127 60 85 0 0 0 255 0 0 0 27.4 4849709.5 
12:34:48.373 98.0 7.4 -3.7 3.2 112.0 231.7 141.0 253.0 107.0 86.0 0 127 127 2 127 60 85 0 0 0 255 0 0 0 27.4 4849709.5 
12:34:48.887 98.0 7.4 -3.6 3.3 112.0 231.7 141.0 253.0 107.0 86.0 0 127 127 2 127 60 85 0 0 0 255 0 0 0 27.4 4849709.5 
12:34:49.401 100.0 7.4 -3.7 3.4 112.0 230.8 141.0 253.0 107.0 86.0 0 127 127 2 127 60 85 0 0 0 255 0 0 0 27.4 4849709.5 
12:34:49.909 100.0 7.4 -3.7 3.4 112.0 231.2 141.0 253.0 107.0 86.0 0 127 127 2 127 60 85 0 0 0 255 0 0 0 27.4 4849709.5 
12:34:50.421 100.0 7.4 -3.7 3.2 112.0 231.2 141.0 253.0 107.0 86.0 0 127 127 2 127 60 85 0 0 0 255 0 0 0 27.4 4849709.5 
12:34:50.929 100.0 7.4 -3.7 3.4 112.0 231.0 141.0 253.0 107.0 86.0 0 127 127 2 127 60 85 0 0 0 255 0 0 0 27.4 4849709.5 
12:34:51.436 98.0 7.4 -3.8 3.5 112.0 230.8 141.0 253.0 107.0 86.0 0 127 127 2 127 60 85 0 0 0 255 0 0 0 27.4 4849709.5 
12:34:51.949 98.0 7.4 -3.7 3.4 112.0 231.0 141.0 253.0 107.0 86.0 0 127 127 2 127 60 85 0 0 0 255 0 0 0 27.4 4849709.5 
12:34:52.461 100.0 7.4 -3.7 3.4 112.0 231.4 141.0 253.0 107.0 86.0 0 127 127 2 127 60 85 0 0 0 255 0 0 0 27.4 4849709.5 
12:34:52.968 100.0 7.4 -3.7 3.4 111.0 231.5 141.0 252.0 108.0 86.0 0 127 127 2 127 60 85 0 0 0 255 0 0 0 27.4 4849709.5 
12:34:53.477 100.0 7.4 -3.7 3.4 111.0 230.9 141.0 252.0 108.0 86.0 0 127 127 2 127 60 85 0 0 0 255 0 0 0 27.4 4849709.5 
12:34:53.992 100.0 7.4 -3.7 3.5 111.0 231.5 141.0 252.0 108.0 86.0 0 127 127 2 127 60 85 0 0 0 255 0 0 0 27.4 4849709.5 
12:34:54.504 98.0 7.4 -3.7 3.2 111.0 231.1 141.0 252.0 108.0 86.0 0 127 127 2 127 60 85 0 0 0 255 0 0 0 27.4 4849709.5 
12:34:55.012 98.0 7.4 -3.8 3.4 111.0 231.5 141.0 252.0 108.0 86.0 0 127 127 2 127 60 85 0 0 0 255 0 0 0 27.4 4849709.5 
12:34:55.527 100.0 7.4 -3.7 3.3 111.0 231.5 141.0 252.0 108.0 86.0 0 127 127 2 127 60 85 0 0 0 255 0 0 0 27.4 4849709.5 
12:34:56.039 100.0 7.4 -3.8 3.4 111.0 230.9 141.0 252.0 108.0 86.0 0 127 127 2 127 60 85 0 0 0 255 0 0 0 27.4 4849709.5 
12:34:56.551 100.0 7.4 -3.7 3.3 111.0 231.6 141.0 252.0 108.0 86.0 0 127 127 2 127 60 85 0 0 0 255 0 0 0 27.4 4849709.5 
12:34:57.070 100.0 7.4 -3.8 3.5 111.0 231.3 141.0 252.0 108.0 86.0 0 127 127 2 127 60 85 0 0 0 255 0 0 0 27.4 4849709.5 
12:34:57.582 100.0 7.4 -3.7 3.4 111.0 231.5 141.0 252.0 108.0 86.0 0 127 127 2 127 60 85 0 0 0 255 0 0 0 27.4 4849709.5 
12:34:58.088 100.0 7.4 -3.7 3.3 111.0 231.4 141.0 252.0 108.0 86.0 0 127 127 2 127 60 85 0 0 0 255 0 0 0 27.4 4849709.5 
12:34:58.599 98.0 7.4 -3.7 3.4 111.0 231.0 141.0 252.0 108.0 86.0 0 127 127 2 127 60 85 0 0 0 255 0 0 0 27.4 4849709.5 
12:34:59.110 98.0 7.4 -3.7 3.4 111.0 231.0 141.0 252.0 108.0 86.0 0 127 127 2 127 60 85 0 0 0 255 0 0 0 27.4 4849709.5 
12:34:59.630 100.0 7.4 -3.7 3.4 111.0 230.7 141.0 252.0 108.0 86.0 0 127 127 2 127 60 85 0 0 0 255 0 0 0 27.4 4849709.5 
12:35:00.136 100.0 7.4 -3.7 3.3 111.0 230.7 141.0 252.0 108.0 86.0 0 127 127 2 127 60 85 0 0 0 255 0 0 0 27.4 4849709.5 
12:35:00.646 98.0 7.4 -3.8 3.3 111.0 230.7 141.0 252.0 108.0 86.0 0 127 127 2 127 60 85 0 0 0 255 0 0 0 27.4 4849709.5 
12:35:01.153 98.0 7.4 -3.8 3.4 111.0 230.8 141.0 252.0 108.0 86.0 0 127 127 2 127 60 85 0 0 0 255 0 0 0 27.4 4849709.5 
12:35:01.664 100.0 7.4 -3.7 3.4 111.0 230.9 141.0 252.0 108.0 86.0 0 127 127 2 127 60 85 0 0 0 255 0 0 0 27.4 4849709.5 
12:35:02.175 100.0 7.4 -3.8 3.5 111.0 230.7 141.0 252.0 108.0 86.0 0 127 127 2 127 60 85 0 0 0 255 0 0 0 27.4 4849709.5 
12:35:02.690 98.0 7.4 -3.7 3.2 111.0 231.0 141.0 252.0 108.0 86.0 0 127 127 2 127 60 85 0 0 0 255 0 0 0 27.4 4849709.5 
12:35:03.198 98.0 7.4 -3.7 3.4 111.0 231.7 141.0 252.0 108.0 86.0 0 127 127 2 127 60 85 0 0 0 255 0 0 0 27.4 4849709.5 
12:35:03.707 98.0 7.4 -3.7 3.3 111.0 231.1 141.0 252.0 108.0 86.0 0 127 127 2 127 60 85 0 0 0 255 0 0 0 27.4 4849709.5 
12:35:04.216 98.0 7.4 -3.8 3.4 111.0 232.1 141.0 252.0 108.0 86.0 0 127 127 2 127 60 85 0 0 0 255 0 0 0 27.4 4849709.5 
12:35:04.723 100.0 7.4 -3.7 3.5 111.0 231.1 141.0 252.0 108.0 86.0 0 127 127 2 127 60 85 0 0 0 255 0 0 0 27.4 4849709.5 
12:35:05.233 100.0 7.4 -3.7 3.4 111.0 231.4 141.0 252.0 108.0 86.0 0 127 127 2 127 60 85 0 0 0 255 0 0 0 27.4 4849709.5 
12:35:05.745 98.0 7.4 -3.7 3.4 111.0 232.0 141.0 252.0 108.0 86.0 0 127 127 2 127 60 85 0 0 0 255 0 0 0 27.4 4849709.5 
12:35:06.253 98.0 7.4 -3.7 3.5 111.0 231.4 141.0 252.0 108.0 86.0 0 127 127 2 127 60 85 0 0 0 255 0 0 0 27.4 4849709.5 
12:35:06.762 98.0 7.4 -3.7 3.3 111.0 231.4 141.0 252.0 108.0 86.0 0 127 127 2 127 60 85 0 0 0 255 0 0 0 27.4 4849709.5 
12:35:07.271 98.0 7.4 -3.7 3.3 111.0 230.8 141.0 252.0 108.0 86.0 0 127 127 2 127 60 85 0 0 0 255 0 0 0 27.4 4849709.5 
12:35:07.778 98.0 7.4 -3.7 3.4 111.0 231.7 141.0 252.0 108.0 86.0 0 127 127 2 127 60 85 0 0 0 255 0 0 0 27.4 4849709.5 
12:35:08.292 98.0 7.4 -3.8 3.5 111.0 231.5 141.0 252.0 108.0 86.0 0 127 127 2 127 60 85 0 0 0 255 0 0 0 27.4 4849709.5 
12:35:08.801 98.0 7.4 -3.7 3.3 111.0 230.7 141.0 252.0 108.0 86.0 0 127 127 2 127 60 85 0 0 0 255 0 0 0 27.4 4849709.5 
12:35:09.313 98.0 7.4 -3.8 3.4 111.0 232.2 141.0 252.0 108.0 86.0 0 127 127 2 127 60 85 0 0 0 255 0 0 0 27.4 4849709.5 
12:35:09.822 100.0 7.4 -3.7 3.3 111.0 231.5 141.0 252.0 108.0 86.0 0 127 127 2 127 60 85 0 0 0 255 0 0 0 27.4 4849709.5 
12:35:10.333 100.0 7.4 -3.8 3.4 111.0 231.3 141.0 252.0 108.0 86.0 0 127 127 2 127 60 85 0 0 0 255 0 0 0 27.4 4849709.5 
12:35:10.840 98.0 7.4 -3.7 3.3 111.0 231.4 141.0 252.0 108.0 86.0 0 127 127 2 127 60 85 0 0 0 255 0 0 0 27.4 4849709.5 
12:35:11.357 98.0 7.4 -3.8 3.4 111.0 231.0 141.0 252.0 108.0 86.0 0 127 127 2 127 60 85 0 0 0 255 0 0 0 27.4 4849709.5 
12:35:11.864 98.0 7.4 -3.7 3.4 111.0 231.5 141.0 252.0 108.0 86.0 0 127 127 2 127 60 85 0 0 0 255 0 0 0 27.4 4849709.5 
12:35:12.375 98.0 7.4 -3.7 3.4 111.0 231.1 141.0 252.0 108.0 86.0 0 127 127 2 127 60 85 0 0 0 255 0 0 0 27.4 4849709.5 
12:35:12.882 98.0 7.4 -3.7 3.4 111.0 231.1 141.0 252.0 108.0 86.0 0 127 127 2 127 60 85 0 0 0 255 0 0 0 27.4 4849709.5 
12:35:13.393 98.0 7.4 -3.7 3.4 111.0 231.2 141.0 252.0 108.0 86.0 0 127 127 2 127 60 85 0 0 0 255 0 0 0 27.4 4849709.5 
12:35:13.906 100.0 7.4 -3.7 3.4 111.0 230.9 141.0 252.0 108.0 86.0 0 127 127 2 127 60 85 0 0 0 255 0 0 0 27.4 4849709.5 
12:35:14.422 100.0 7.4 -3.7 3.4 111.0 231.5 141.0 252.0 108.0 86.0 0 127 127 2 127 60 85 0 0 0 255 0 0 0 27.4 4849709.5 
12:35:14.933 98.0 7.4 -3.6 3.3 111.0 232.2 141.0 252.0 108.0 86.0 0 127 127 2 127 60 85 0 0 0 255 0 0 0 27.4 4849709.5 
12:35:15.441 98.0 7.4 -3.8 3.5 111.0 231.5 141.0 252.0 108.0 86.0 0 127 127 2 127 60 85 0 0 0 255 0 0 0 27.4 4849709.5 
12:35:15.955 100.0 7.4 -3.7 3.5 111.0 231.2 141.0 252.0 108.0 86.0 0 127 127 2 127 60 85 0 0 0 255 0 0 0 27.4 4849709.5 
12:35:16.464 100.0 7.4 -3.7 3.3 111.0 231.5 141.0 252.0 108.0 86.0 0 127 127 2 127 60 85 0 0 0 255 0 0 0 27.4 4849709.5 
12:35:16.973 100.0 7.4 -3.8 3.5 111.0 231.7 141.0 252.0 108.0 86.0 0 127 127 2 127 60 85 0 0 0 255 0 0 0 27.4 4849709.5 
12:35:17.481 100.0 7.4 -3.7 3.4 111.0 231.3 141.0 252.0 108.0 86.0 0 127 127 2 127 60 85 0 0 0 255 0 0 0 27.4 4849709.5 
12:35:17.991 98.0 7.4 -3.7 3.4 111.0 231.4 141.0 252.0 108.0 86.0 0 127 127 2 127 60 85 0 0 0 255 0 0 0 27.4 4849709.5 
12:35:18.500 98.0 7.4 -3.7 3.4 111.0 231.4 141.0 252.0 108.0 86.0 0 127 127 2 127 60 85 0 0 0 255 0 0 0 27.4 4849709.5 
12:35:19.007 98.0 7.4 -3.7 3.3 111.0 231.0 141.0 252.0 108.0 86.0 0 127 127 2 127 60 85 0 0 0 255 0 0 0 27.4 4849709.5 
12:35:19.517 98.0 7.4 -3.7 3.3 111.0 231.7 141.0 252.0 108.0 86.0 0 127 127 2 127 60 85 0 0 0 255 0 0 0 27.4 4849709.5 
12:35:20.034 98.0 7.4 -3.7 3.5 111.0 231.4 141.0 252.0 108.0 86.0 0 127 127 2 127 60 85 0 0 0 255 0 0 0 27.4 4849709.5 
12:35:20.544 98.0 7.4 -3.7 3.5 111.0 231.7 141.0 252.0 108.0 86.0 0 127 127 2 127 60 85 0 0 0 255 0 0 0 27.4 4849709.5 
12:35:21.053 98.0 7.4 -3.7 3.5 111.0 232.4 141.0 252.0 108.0 86.0 0 127 127 2 127 60 85 0 0 0 255 0 0 0 27.4 4849709.5 
12:35:21.560 98.0 7.4 -3.7 3.4 111.0 231.3 141.0 252.0 108.0 86.0 0 127 127 2 127 60 85 0 0 0 255 0 0 0 27.4 4849709.5 
12:35:22.069 100.0 7.4 -3.8 3.4 111.0 230.5 141.0 252.0 108.0 86.0 0 127 127 2 127 60 85 0 0 0 255 0 0 0 27.4 4849709.5 
12:35:22.594 100.0 7.4 -3.7 3.4 111.0 231.4 141.0 252.0 108.0 86.0 0 127 127 2 127 60 85 0 0 0 255 0 0 0 27.4 4849709.5 
12:35:23.102 100.0 7.4 -3.7 3.4 111.0 230.9 141.0 252.0 108.0 86.0 0 127 127 2 127 60 85 0 0 0 255 0 0 0 27.4 4849709.5 
12:35:23.613 100.0 7.4 -3.7 3.3 111.0 231.9 141.0 252.0 108.0 86.0 0 127 127 2 127 60 85 0 0 0 255 0 0 0 27.4 4849709.5 
12:35:24.121 98.0 7.4 -3.7 3.4 111.0 231.7 141.0 252.0 108.0 86.0 0 127 127 2 127 60 85 0 0 0 255 0 0 0 27.4 4849709.5 
12:35:24.630 98.0 7.4 -3.7 3.5 111.0 231.3 141.0 252.0 108.0 86.0 0 127 127 2 127 60 85 0 0 0 255 0 0 0 27.4 4849709.5 
12:35:25.138 98.0 7.4 -3.7 3.3 111.0 230.5 141.0 252.0 108.0 86.0 0 127 127 2 127 60 85 0 0 0 255 0 0 0 27.4 4849709.5 
12:35:25.646 98.0 7.4 -3.7 3.3 111.0 231.5 141.0 252.0 108.0 86.0 0 127 127 2 127 60 85 0 0 0 255 0 0 0 27.4 4849709.5 
12:35:26.154 100.0 7.4 -3.7 3.5 111.0 232.1 141.0 252.0 108.0 86.0 0 127 127 2 127 60 85 0 0 0 255 0 0 0 27.4 4849709.5 
12:35:26.662 100.0 7.4 -3.7 3.3 111.0 231.4 141.0 252.0 108.0 86.0 0 127 127 2 127 60 85 0 0 0 255 0 0 0 27.4 4849709.5 
12:35:27.169 98.0 7.4 -3.7 3.3 111.0 231.6 141.0 252.0 108.0 86.0 0 127 127 2 127 60 85 0 0 0 255 0 0 0 27.4 4849709.5 
12:35:27.678 98.0 7.4 -3.8 3.5 111.0 231.5 141.0 252.0 108.0 86.0 0 127 127 2 127 60 85 0 0 0 255 0 0 0 27.4 4849709.5 
12:35:28.198 98.0 7.4 -3.7 3.4 111.0 231.5 141.0 252.0 108.0 86.0 0 127 127 2 127 60 85 0 0 0 255 0 0 0 27.4 4849709.5 
12:35:28.708 98.0 7.4 -3.7 3.4 111.0 230.9 141.0 252.0 108.0 86.0 0 127 127 2 127 60 85 0 0 0 255 0 0 0 27.4 4849709.5 
12:35:29.216 98.0 7.4 -3.7 3.4 111.0 231.3 141.0 252.0 108.0 86.0 0 127 127 2 127 60 85 0 0 0 255 0 0 0 27.4 4849709.5 
12:35:29.726 98.0 7.4 -3.7 3.2 111.0 231.6 141.0 252.0 108.0 86.0 0 127 127 2 127 60 85 0 0 0 255 0 0 0 27.4 4849709.5 
12:35:30.234 100.0 7.4 -3.7 3.4 111.0 231.6 141.0 252.0 108.0 86.0 0 127 127 2 127 60 85 0 0 0 255 0 0 0 27.4 4849709.5 
12:35:30.742 100.0 7.4 -3.7 3.4 111.0 232.0 141.0 252.0 108.0 86.0 0 127 127 2 127 60 85 0 0 0 255 0 0 0 27.4 4849709.5 
12:35:31.252 100.0 7.4 -3.7 3.3 111.0 231.0 141.0 252.0 108.0 86.0 0 127 127 2 127 60 85 0 0 0 255 0 0 0 27.4 4849709.5 
12:35:31.761 100.0 7.4 -3.7 3.3 111.0 231.2 141.0 252.0 108.0 86.0 0 127 127 2 127 60 85 0 0 0 255 0 0 0 27.4 4849709.5 
12:35:32.273 98.0 7.4 -3.6 3.5 107.0 228.5 141.0 248.0 112.0 86.0 0 127 127 2 127 60 85 0 0 0 255 0 0 0 27.4 4849709.5 
12:35:32.784 98.0 7.4 -3.6 3.6 107.0 228.6 141.0 248.0 112.0 86.0 0 127 127 2 127 60 85 0 0 0 255 0 0 0 27.4 4849709.5 
12:35:33.292 98.0 7.4 -3.5 3.7 107.0 228.8 141.0 248.0 112.0 86.0 0 127 127 2 127 60 85 0 0 0 255 0 0 0 27.4 4849709.5 
12:35:33.805 98.0 7.4 -3.6 3.8 107.0 229.0 141.0 248.0 112.0 86.0 0 127 127 2 127 60 85 0 0 0 0 0 0 0 27.4 4849709.5 
12:35:34.316 100.0 7.4 -3.6 3.6 107.0 228.4 141.0 248.0 112.0 86.0 0 127 127 2 127 60 85 0 0 0 0 0 0 0 27.4 4849709.5 
12:35:34.839 100.0 7.4 -3.6 3.6 107.0 228.4 141.0 248.0 112.0 86.0 0 127 127 2 127 60 85 0 0 0 0 0 0 0 27.4 4849709.5 
12:35:35.352 100.0 7.4 -3.7 3.8 107.0 228.3 141.0 248.0 112.0 86.0 0 127 127 2 127 60 85 0 0 0 0 0 0 0 27.4 4849709.5 
12:35:35.861 100.0 7.4 -3.6 3.7 107.0 229.6 141.0 248.0 112.0 56.0 0 127 127 2 127 60 85 255 0 0 0 0 0 0 27.4 4849709.5 
12:35:36.368 98.0 7.4 -3.5 3.4 107.0 227.8 141.0 248.0 112.0 56.0 0 127 127 2 127 60 85 255 0 0 0 0 0 0 27.4 4849709.5 
12:35:36.875 98.0 7.4 -3.4 3.4 107.0 228.7 141.0 248.0 112.0 56.0 0 127 127 2 127 60 85 255 0 0 0 0 0 0 27.4 4849709.5 
12:35:37.382 100.0 7.4 -3.5 0.7 128.0 245.5 141.0 267.0 93.0 56.0 0 127 127 2 127 60 85 255 0 0 0 0 0 0 27.4 4849709.5 
12:35:37.891 100.0 7.4 -5.1 -2.1 177.0 317.5 141.0 317.0 43.0 56.0 0 127 127 2 127 60 85 255 0 0 0 0 0 0 27.4 4849709.5 
12:35:38.399 98.0 7.4 -6.2 -2.3 213.0 350.4 141.0 354.0 6.0 84.0 0 127 127 2 127 60 85 255 0 0 0 0 0 0 27.4 4849709.5 
12:35:38.907 98.0 7.4 -1.6 -3.4 227.0 3.2 141.0 8.0 -8.0 87.0 0 127 127 2 127 60 85 255 0 0 0 0 0 0 27.4 4849709.5 
12:35:39.419 98.0 7.4 -4.3 3.3 205.0 343.4 141.0 348.0 12.0 85.0 0 127 127 2 127 60 85 255 0 0 0 0 0 0 27.4 4849709.5 
12:35:39.928 98.0 7.4 -6.3 -3.1 183.0 324.4 141.0 324.0 36.0 56.0 0 127 127 2 127 60 85 255 0 0 0 0 0 0 27.4 4849709.5 
12:35:40.437 96.0 7.4 -0.2 -3.3 216.0 349.4 141.0 355.0 5.0 81.0 0 127 127 2 127 60 85 255 0 0 0 0 0 0 27.4 4849709.5 
12:35:40.944 96.0 7.4 -1.7 -0.5 247.0 21.0 141.0 28.0 -28.0 110.0 0 127 127 2 127 60 85 255 0 0 0 0 0 0 27.4 4849709.5 
12:35:41.454 98.0 7.4 -2.1 1.5 232.0 5.1 141.0 14.0 -14.0 96.0 0 127 127 2 127 60 85 255 0 0 0 0 0 0 27.4 4849709.5 
12:35:41.960 98.0 7.4 -0.8 -1.1 246.0 19.3 141.0 27.0 -27.0 105.0 0 127 127 2 127 60 85 255 0 0 0 0 0 0 27.4 4849709.5 
12:35:42.473 98.0 7.4 -3.0 4.4 244.0 17.4 141.0 26.0 -26.0 108.0 0 127 127 2 127 60 85 255 0 0 0 0 0 0 27.4 4849709.5 
12:35:42.982 98.0 7.4 -1.9 -4.5 223.0 356.6 141.0 4.0 -4.0 86.0 0 127 127 2 127 60 85 255 0 0 0 0 0 0 27.4 4849709.5 
12:35:43.498 100.0 7.4 -1.7 0.0 249.0 24.7 141.0 30.0 -30.0 116.0 0 127 127 2 127 60 85 255 0 0 0 0 0 0 27.4 4849709.5 
12:35:44.010 100.0 7.4 -3.2 4.9 245.0 21.2 141.0 27.0 -27.0 114.0 0 127 127 2 127 60 85 255 0 0 0 0 0 0 27.4 4849709.5 
12:35:44.519 98.0 7.4 -3.1 -3.3 222.0 356.4 141.0 3.0 -3.0 86.0 0 127 127 2 127 60 85 255 0 0 0 0 0 0 27.4 4849709.5 
12:35:45.029 98.0 7.4 -2.3 1.4 252.0 28.3 141.0 33.0 -33.0 116.0 0 127 127 2 127 60 85 255 0 0 0 0 0 0 27.4 4849709.5 
12:35:45.547 96.0 7.4 -3.1 4.4 248.0 26.3 141.0 30.0 -30.0 116.0 0 127 127 2 127 60 85 255 0 0 0 0 0 0 27.4 4849709.5 
12:35:46.056 96.0 7.4 -2.6 -5.5 224.0 358.1 141.0 5.0 -5.0 86.0 0 127 127 2 127 60 85 255 0 0 0 0 0 0 27.4 4849709.5 
12:35:46.563 98.0 7.4 -0.9 -1.2 248.0 24.9 141.0 29.0 -29.0 110.0 0 127 127 2 127 60 85 255 0 0 0 0 0 0 27.4 4849709.5 
12:35:47.074 98.0 7.4 -0.6 -0.7 254.0 32.4 141.0 35.0 -35.0 116.0 0 127 127 2 127 60 85 255 0 0 0 0 0 0 27.4 4849709.5 
12:35:47.585 96.0 7.4 -0.5 -0.2 243.0 19.5 141.0 24.0 -24.0 106.0 0 127 127 2 127 60 85 255 0 0 0 0 0 0 27.4 4849709.5 
12:35:48.094 96.0 7.4 -0.9 -1.1 231.0 6.0 141.0 12.0 -12.0 91.0 0 127 127 2 127 60 85 255 0 0 0 0 0 0 27.4 4849709.5 
12:35:48.603 96.0 7.4 -0.5 -0.1 221.0 355.6 141.0 2.0 -2.0 86.0 0 127 127 2 127 60 85 255 0 0 0 0 0 0 27.4 4849709.5 
12:35:49.110 96.0 7.4 -1.8 0.4 208.0 341.8 141.0 349.0 11.0 84.0 0 127 127 2 127 60 85 255 0 0 0 0 0 0 27.4 4849709.5 
12:35:49.621 98.0 7.4 -2.8 2.9 194.0 330.8 141.0 336.0 24.0 70.0 0 127 127 2 127 60 85 255 0 0 0 0 0 0 27.4 4849709.5 
12:35:50.130 98.0 7.4 -2.6 -0.2 174.0 308.6 141.0 315.0 45.0 56.0 0 127 127 2 127 60 85 255 0 0 0 0 0 0 27.4 4849709.5 
12:35:50.637 96.0 7.4 -2.9 1.2 183.0 315.6 141.0 324.0 36.0 56.0 0 127 127 2 127 60 85 255 0 0 0 0 0 0 27.4 4849709.5 
12:35:51.149 96.0 7.4 -2.2 1.1 199.0 331.3 141.0 340.0 20.0 70.0 0 127 127 2 127 60 85 255 0 0 0 0 0 0 27.4 4849709.5 
12:35:51.656 98.0 7.4 -1.8 -0.3 216.0 348.9 141.0 357.0 3.0 86.0 0 127 127 2 127 60 85 255 0 0 0 0 0 0 27.4 4849709.5 
12:35:52.165 98.0 7.4 -1.5 -1.8 234.0 8.3 141.0 14.0 -14.0 91.0 0 127 127 2 127 60 85 255 0 0 0 0 0 0 27.4 4849709.5 
12:35:52.672 96.0 7.4 -0.9 -1.2 251.0 27.4 141.0 32.0 -32.0 116.0 0 127 127 2 127 60 85 255 0 0 0 0 0 0 27.4 4849709.5 
12:35:53.181 96.0 7.4 -1.1 -0.9 250.0 28.3 141.0 32.0 -32.0 116.0 0 127 127 2 127 60 85 255 0 0 0 0 0 0 27.4 4849709.5 
12:35:53.688 100.0 7.4 -1.4 -3.0 234.0 9.0 141.0 15.0 -15.0 94.0 0 127 127 2 127 60 85 255 0 0 0 0 0 0 27.4 4849709.5 
12:35:54.202 100.0 7.4 -2.0 -2.7 229.0 3.8 141.0 10.0 -10.0 89.0 0 127 127 2 127 60 85 255 0 0 0 0 0 0 27.4 4849709.5 
12:35:54.715 100.0 7.4 -1.5 -2.0 235.0 11.1 141.0 16.0 -16.0 93.0 0 127 127 2 127 60 85 255 0 0 0 0 0 0 27.4 4849709.5 
12:35:55.233 100.0 7.4 -1.2 -0.4 237.0 13.2 141.0 18.0 -18.0 96.0 0 127 127 2 127 60 85 255 0 0 0 0 0 0 27.4 4849709.5 
12:35:55.741 98.0 7.4 -1.4 -1.9 232.0 6.8 141.0 13.0 -13.0 91.0 0 127 127 2 127 60 85 255 0 0 0 0 0 0 27.4 4849709.5 
12:35:56.247 98.0 7.4 -0.8 -1.1 241.0 16.2 141.0 21.0 -21.0 100.0 0 127 127 2 127 60 85 255 0 0 0 0 0 0 27.4 4849709.5 
12:35:56.756 100.0 7.4 -0.9 -2.3 245.0 21.0 141.0 26.0 -26.0 106.0 0 127 127 2 127 60 85 255 0 0 0 0 0 0 27.4 4849709.5 
12:35:57.265 100.0 7.4 -1.5 -1.0 255.0 32.5 141.0 36.0 -36.0 116.0 0 127 127 2 127 60 85 255 0 0 0 0 0 0 27.4 4849709.5 
12:35:57.778 98.0 7.4 -0.9 -0.7 248.0 23.7 141.0 29.0 -29.0 116.0 0 127 127 2 127 60 85 255 0 0 0 0 0 0 27.4 4849709.5 
12:35:58.284 98.0 7.4 -1.7 -1.0 237.0 12.6 141.0 18.0 -18.0 99.0 0 127 127 2 127 60 85 255 0 0 0 0 0 0 27.4 4849709.5 
12:35:58.796 100.0 7.4 -2.3 -2.6 225.0 0.3 141.0 6.0 -6.0 87.0 0 127 127 2 127 60 85 255 0 0 0 0 0 0 27.4 4849709.5 
12:35:59.308 100.0 7.4 -1.5 -2.4 236.0 11.7 141.0 17.0 -17.0 93.0 0 127 127 2 127 60 85 255 0 0 0 0 0 0 27.4 4849709.5 
12:35:59.816 98.0 7.4 -1.0 0.1 261.0 38.3 141.0 41.0 -41.0 116.0 0 127 127 2 127 60 85 255 0 0 0 0 0 0 27.4 4849709.5 
12:36:00.332 98.0 7.4 -1.9 0.4 252.0 31.5 141.0 34.0 -34.0 116.0 0 127 127 2 127 60 85 255 0 0 0 0 0 0 27.4 4849709.5 
12:36:00.843 98.0 7.4 -3.4 -3.6 220.0 356.0 141.0 1.0 -1.0 86.0 0 127 127 2 127 60 85 255 0 0 0 0 0 0 27.4 4849709.5 
12:36:01.351 98.0 7.4 -3.4 -2.4 220.0 354.6 141.0 1.0 -1.0 86.0 0 127 127 2 127 60 85 255 0 0 0 0 0 0 27.4 4849709.5 
12:36:01.859 96.0 7.4 -3.5 -2.4 220.0 353.0 141.0 1.0 -1.0 86.0 0 127 127 2 127 60 85 255 0 0 0 0 0 0 27.4 4849709.5 
12:36:02.369 96.0 7.4 -3.5 -2.4 220.0 353.2 141.0 1.0 -1.0 86.0 0 127 127 2 127 60 85 255 0 0 0 0 0 0 27.4 4849709.5 
12:36:02.877 98.0 7.4 -3.5 -2.4 220.0 354.6 141.0 1.0 -1.0 86.0 0 127 127 2 127 60 85 255 0 0 0 0 0 0 27.4 4849709.5 
12:36:03.385 98.0 7.4 -3.5 -2.5 220.0 355.2 141.0 1.0 -1.0 86.0 0 127 127 2 127 60 85 255 0 0 0 0 0 0 27.4 4849709.5 
12:36:03.891 98.0 7.4 1.4 0.6 223.0 355.0 141.0 4.0 -4.0 86.0 0 127 127 2 127 60 85 255 0 0 0 0 0 0 27.4 4849709.5 
12:36:04.400 98.0 7.4 7.5 1.9 225.0 12.0 141.0 6.0 -6.0 87.0 0 127 127 2 127 60 85 255 0 0 0 0 0 0 27.4 4849709.5 
12:36:04.912 98.0 7.4 -3.6 -2.9 224.0 15.4 141.0 5.0 -5.0 86.0 0 127 127 2 127 60 85 255 0 0 0 0 0 0 27.4 4849709.5 
12:36:05.426 98.0 7.4 -3.0 -2.7 224.0 15.0 141.0 5.0 -5.0 86.0 0 127 127 2 127 60 85 255 0 0 0 0 0 0 27.4 4849709.5 
12:36:05.934 98.0 7.4 -3.1 -2.4 224.0 15.1 141.0 5.0 -5.0 86.0 0 127 127 2 127 60 85 255 0 0 0 0 0 0 27.4 4849709.5 
12:36:06.440 98.0 7.4 -3.0 -2.5 224.0 14.7 141.0 5.0 -5.0 86.0 0 127 127 2 127 60 85 255 0 0 0 0 0 0 27.4 4849709.5 
12:36:06.948 98.0 7.4 -3.0 -2.6 224.0 13.6 141.0 5.0 -5.0 86.0 0 127 127 2 127 60 85 255 0 0 0 0 0 0 27.4 4849709.5 
12:36:07.468 98.0 7.4 -3.0 -2.6 224.0 15.4 141.0 5.0 -5.0 86.0 0 127 127 2 127 60 85 255 0 0 0 0 0 0 27.4 4849709.5 
12:36:07.977 98.0 7.4 -3.1 -2.6 224.0 14.7 141.0 5.0 -5.0 86.0 0 127 127 2 127 60 85 255 0 0 0 0 0 0 27.4 4849709.5 
12:36:08.485 98.0 7.4 -3.1 -2.5 224.0 15.5 141.0 5.0 -5.0 86.0 0 127 127 2 127 60 85 255 0 0 0 0 0 0 27.4 4849709.5 
12:36:08.993 98.0 7.4 -3.0 -2.5 224.0 15.1 141.0 5.0 -5.0 86.0 0 127 127 2 127 60 85 255 0 0 0 0 0 0 27.4 4849709.5 
12:36:09.504 98.0 7.4 -3.0 -2.6 224.0 15.7 141.0 5.0 -5.0 86.0 0 127 127 2 127 60 85 255 0 0 0 0 0 0 27.4 4849709.5 
12:36:10.018 98.0 7.4 -3.0 -2.5 224.0 15.0 141.0 5.0 -5.0 86.0 0 127 127 2 127 60 85 255 0 0 0 0 0 0 27.4 4849709.5 
12:36:10.528 98.0 7.4 -3.0 -2.6 224.0 15.0 141.0 5.0 -5.0 86.0 0 127 127 2 127 60 85 255 0 0 0 0 0 0 27.4 4849709.5 
12:36:11.035 98.0 7.4 -3.1 -2.4 224.0 14.7 141.0 5.0 -5.0 86.0 0 127 127 2 127 60 85 255 0 0 0 0 0 0 27.4 4849709.5 
12:36:11.548 98.0 7.4 -3.0 -2.6 224.0 15.1 141.0 5.0 -5.0 86.0 0 127 127 2 127 60 85 255 0 0 0 0 0 0 27.4 4849709.5 
12:36:12.054 98.0 7.4 -3.0 -2.6 224.0 14.6 141.0 5.0 -5.0 86.0 0 127 127 2 127 60 85 255 0 0 0 0 0 0 27.4 4849709.5 
12:36:12.562 98.0 7.4 -3.1 -2.6 224.0 15.1 141.0 5.0 -5.0 86.0 0 127 127 2 127 60 85 255 0 0 0 0 0 0 27.4 4849709.5 
12:36:13.074 98.0 7.4 -3.1 -2.5 224.0 15.2 141.0 5.0 -5.0 86.0 0 127 127 2 127 60 85 255 0 0 0 0 0 0 27.4 4849709.5 
12:36:13.586 98.0 7.4 -3.0 -2.6 224.0 14.8 141.0 5.0 -5.0 86.0 0 127 127 2 127 60 85 255 0 0 0 0 0 0 27.4 4849709.5 
12:36:14.094 98.0 7.4 -3.0 -2.5 224.0 15.5 141.0 5.0 -5.0 86.0 0 127 127 2 127 60 85 255 0 0 0 0 0 0 27.4 4849709.5 
12:36:14.602 98.0 7.4 -3.0 -2.6 224.0 14.9 141.0 5.0 -5.0 86.0 0 127 127 2 127 60 85 255 0 0 0 0 0 0 27.4 4849709.5 
12:36:15.064 Disconnected
