20:06:38.304 Connected to CDC device
20:06:38.403 95.0 7.3 -0.2 -1.1 8.0 312.9 319.5 327.5 33.0 86.0 0 127 127 1 127 59 85 0 0 0 0 37.969665 23.740446 0 244.6 33.7 
20:06:38.912 95.0 7.3 -0.1 -1.2 8.0 312.9 319.5 327.5 33.0 86.0 0 127 127 1 127 59 85 0 0 0 0 37.969665 23.740446 0 244.6 33.7 
20:06:39.421 95.0 7.3 -0.3 -0.6 8.0 310.7 319.5 327.5 33.0 86.0 0 127 127 1 127 59 85 0 0 0 0 37.969665 23.740446 0 244.6 33.7 
20:06:39.928 93.0 7.3 -0.2 -1.2 8.0 312.7 319.5 327.5 33.0 86.0 0 127 127 1 127 59 85 0 0 0 0 37.969665 23.740446 0 244.6 33.7 
20:06:40.437 93.0 7.3 -0.2 -1.0 8.0 310.5 319.5 327.5 33.0 86.0 0 127 127 1 127 59 85 0 0 0 0 37.969665 23.740446 0 244.6 33.7 
20:06:40.946 93.0 7.3 -0.2 -1.1 8.0 310.7 319.5 327.5 33.0 86.0 0 127 127 1 127 59 85 0 0 0 0 37.969665 23.740446 0 244.6 33.7 
20:06:41.453 93.0 7.3 -0.2 -1.1 8.0 309.5 319.5 327.5 33.0 86.0 0 127 127 1 127 59 85 0 0 0 0 37.969665 23.740446 0 244.6 33.7 
20:06:41.960 95.0 7.3 -0.2 -1.0 8.0 310.6 319.5 327.5 33.0 86.0 0 127 127 1 127 59 85 0 0 0 0 37.969665 23.740447 0 244.8 33.8 
20:06:42.468 95.0 7.3 -0.2 -0.9 8.0 310.7 319.5 327.5 33.0 86.0 0 127 127 1 127 59 85 0 0 0 0 37.969665 23.740447 0 244.8 33.8 
20:06:42.978 93.0 7.3 -0.2 -1.0 8.0 310.0 319.5 327.5 33.0 86.0 0 127 127 1 127 59 85 0 0 0 0 37.969665 23.740447 0 244.8 33.8 
20:06:43.485 93.0 7.3 -0.2 -1.0 8.0 312.3 319.5 327.5 33.0 86.0 0 127 127 1 127 59 85 0 0 0 0 37.969665 23.740447 0 244.8 33.8 
20:06:43.998 95.0 7.3 -0.2 -1.1 9.0 311.5 319.5 328.5 32.0 86.0 0 127 127 1 127 59 85 0 0 0 0 37.969665 23.740447 0 244.8 33.8 
20:06:44.507 95.0 7.3 -0.1 -1.2 9.0 310.0 319.5 328.5 32.0 86.0 0 127 127 1 127 59 85 0 0 0 0 37.969665 23.740447 0 244.8 33.8 
20:06:45.017 95.0 7.3 -0.2 -1.2 9.0 309.6 319.5 328.5 32.0 86.0 0 127 127 1 127 59 85 0 0 0 0 37.969665 23.740447 0 244.8 33.8 
20:06:45.527 95.0 7.3 -0.2 -1.1 9.0 311.5 319.5 328.5 32.0 86.0 0 127 127 1 127 59 85 0 0 0 0 37.969665 23.740447 0 244.8 33.8 
20:06:46.037 95.0 7.3 -0.2 -1.0 9.0 310.5 319.5 328.5 32.0 86.0 0 127 127 1 127 59 85 0 0 0 0 37.969665 23.740447 0 244.8 33.8 
20:06:46.544 95.0 7.3 -0.2 -1.0 9.0 313.5 319.5 328.5 32.0 86.0 0 127 127 1 127 59 85 0 0 0 0 37.969665 23.740447 0 244.8 33.8 
20:06:47.052 95.0 7.3 -0.2 -1.1 9.0 311.5 319.5 328.5 32.0 86.0 0 127 127 1 127 59 85 0 0 0 0 37.969665 23.740447 0 244.8 33.8 
20:06:47.559 95.0 7.3 -0.2 -1.0 9.0 310.0 319.5 328.5 32.0 86.0 0 127 127 1 127 59 85 0 0 0 0 37.969665 23.740447 0 244.8 33.8 
20:06:48.067 95.0 7.3 -0.2 -1.1 9.0 311.5 319.5 328.5 32.0 86.0 0 127 127 1 127 59 85 0 0 0 0 37.969665 23.740447 0 244.8 33.8 
20:06:48.574 95.0 7.3 -0.2 -0.9 9.0 311.1 319.5 328.5 32.0 86.0 0 127 127 1 127 59 85 0 0 0 0 37.969665 23.740447 0 244.8 33.8 
20:06:49.080 93.0 7.3 -0.2 -1.0 9.0 312.0 319.5 328.5 32.0 86.0 0 127 127 1 127 59 85 0 0 0 0 37.969665 23.740447 0 244.8 33.8 
20:06:49.588 93.0 7.3 -0.2 -1.1 9.0 308.7 319.5 328.5 32.0 86.0 0 127 127 1 127 59 85 0 0 0 0 37.969665 23.740447 0 244.8 33.8 
20:06:50.097 95.0 7.3 -0.2 -1.1 9.0 311.2 319.5 328.5 32.0 86.0 0 127 127 1 127 59 85 0 0 0 0 37.969665 23.740447 0 244.8 33.8 
20:06:50.607 95.0 7.3 -0.3 -0.8 9.0 310.6 319.5 328.5 32.0 86.0 0 127 127 1 127 59 85 0 0 0 0 37.969665 23.740447 0 244.8 33.8 
20:06:51.118 95.0 7.3 -0.2 -1.0 9.0 311.8 319.5 328.5 32.0 86.0 0 127 127 1 127 59 85 0 0 0 0 37.969665 23.740447 0 244.8 33.8 
20:06:51.630 95.0 7.3 -0.2 -1.1 9.0 310.0 319.5 328.5 32.0 86.0 0 127 127 1 127 59 85 0 0 0 0 37.969665 23.740447 0 244.8 33.8 
20:06:52.138 93.0 7.3 -0.2 -1.0 9.0 311.7 319.5 328.5 32.0 86.0 0 127 127 1 127 59 85 0 0 0 0 37.969665 23.740447 0 244.8 33.8 
20:06:52.645 93.0 7.3 -0.2 -1.1 10.0 310.3 319.5 329.5 31.0 86.0 0 127 127 1 127 59 85 0 0 0 0 37.969665 23.740447 0 244.8 33.8 
20:06:53.153 95.0 7.3 -0.2 -1.1 10.0 310.0 319.5 329.5 31.0 86.0 0 127 127 1 127 59 85 0 0 0 0 37.969665 23.740447 0 244.8 33.8 
20:06:53.663 95.0 7.3 -0.2 -1.1 10.0 310.0 319.5 329.5 31.0 86.0 0 127 127 1 127 59 85 0 0 0 0 37.969669 23.740442 0 243.2 33.7 
20:06:54.170 93.0 7.3 -0.2 -1.0 10.0 309.4 319.5 329.5 31.0 86.0 0 127 127 1 127 59 85 0 0 0 0 37.969669 23.740442 0 243.2 33.7 
20:06:54.677 93.0 7.3 -0.2 -1.0 10.0 310.0 319.5 329.5 31.0 86.0 0 127 127 1 127 59 85 0 0 0 0 37.969669 23.740442 0 243.2 33.7 
20:06:55.186 89.0 7.3 -0.2 -1.1 10.0 311.6 319.5 329.5 31.0 86.0 0 127 127 1 127 59 85 0 0 0 0 37.969669 23.740442 0 243.2 33.7 
20:06:55.693 89.0 7.3 -0.3 -1.0 10.0 313.0 319.5 329.5 31.0 86.0 0 127 127 1 127 59 85 0 0 0 0 37.969669 23.740442 0 243.2 33.7 
20:06:56.201 93.0 7.3 -0.2 -1.0 10.0 309.3 319.5 329.5 31.0 86.0 0 127 127 1 127 59 85 0 0 0 0 37.969669 23.740442 0 243.2 33.7 
20:06:56.709 93.0 7.3 -0.2 -1.0 10.0 311.9 319.5 329.5 31.0 86.0 0 127 127 1 127 59 85 0 0 0 0 37.969669 23.740442 0 243.2 33.7 
20:06:57.218 93.0 7.3 -0.2 -1.2 10.0 311.4 319.5 329.5 31.0 86.0 0 127 127 1 127 59 85 0 0 0 0 37.969669 23.740442 0 243.2 33.7 
20:06:57.725 93.0 7.3 -0.2 -0.9 10.0 309.9 319.5 329.5 31.0 86.0 0 127 127 1 127 59 85 0 0 0 0 37.969669 23.740442 0 243.2 33.7 
20:06:58.232 95.0 7.3 -0.1 -1.1 10.0 311.2 319.5 329.5 31.0 86.0 0 127 127 1 127 59 85 0 0 0 0 37.969669 23.740442 0 243.2 33.7 
20:06:58.741 95.0 7.3 -0.2 -1.1 10.0 311.8 319.5 329.5 31.0 86.0 0 127 127 1 127 59 85 0 0 0 0 37.969669 23.740442 0 243.2 33.7 
20:06:59.250 93.0 7.3 -0.3 -0.9 10.0 311.3 319.5 329.5 31.0 86.0 0 127 127 1 127 59 85 0 0 0 0 37.969669 23.740442 0 243.2 33.7 
20:06:59.758 93.0 7.3 -0.2 -1.0 10.0 312.9 319.5 329.5 31.0 86.0 0 127 127 1 127 59 85 0 0 0 0 37.969669 23.740442 0 243.2 33.7 
20:07:00.265 93.0 7.3 -0.3 -1.0 10.0 310.2 319.5 329.5 31.0 86.0 0 127 127 1 127 59 85 0 0 0 0 37.969669 23.740442 0 243.2 33.7 
20:07:00.773 93.0 7.3 -0.2 -1.0 10.0 310.1 319.5 329.5 31.0 86.0 0 127 127 1 127 59 85 0 0 0 0 37.969665 23.740476 0 246.4 36.1 
20:07:01.280 95.0 7.3 -0.2 -1.0 10.0 310.5 319.5 329.5 31.0 86.0 0 127 127 1 127 59 85 0 0 0 0 37.969665 23.740476 0 246.4 36.1 
20:07:01.790 95.0 7.3 -0.2 -1.1 11.0 311.7 319.5 330.5 30.0 86.0 0 127 127 1 127 59 85 0 0 0 0 37.969665 23.740476 0 246.4 36.1 
20:07:02.300 95.0 7.3 -0.2 -1.2 11.0 310.0 319.5 330.5 30.0 86.0 0 127 127 1 127 59 85 0 0 0 0 37.969665 23.740476 0 246.4 36.1 
20:07:02.809 95.0 7.3 -0.2 -1.0 11.0 312.2 319.5 330.5 30.0 86.0 0 127 127 1 127 59 85 0 0 0 0 37.969665 23.740476 0 246.4 36.1 
20:07:03.321 93.0 7.3 -0.2 -0.9 11.0 310.9 319.5 330.5 30.0 86.0 0 127 127 1 127 59 85 0 0 0 0 37.969665 23.740476 0 246.4 36.1 
20:07:03.831 93.0 7.3 -0.2 -1.1 11.0 312.4 319.5 330.5 30.0 86.0 0 127 127 1 127 59 85 0 0 0 0 37.969665 23.740476 0 246.4 36.1 
20:07:04.338 93.0 7.3 -0.2 -1.1 11.0 311.3 319.5 330.5 30.0 86.0 0 127 127 1 127 59 85 0 0 0 0 37.969665 23.740476 0 246.4 36.1 
20:07:04.845 95.0 7.3 -0.2 -1.0 11.0 312.2 319.5 330.5 30.0 86.0 0 127 127 1 127 59 85 0 0 0 0 37.969665 23.740476 0 246.4 36.1 
20:07:05.352 95.0 7.3 -0.3 -0.9 11.0 312.5 319.5 330.5 30.0 86.0 0 127 127 1 127 59 85 0 0 0 0 37.969665 23.740476 0 246.4 36.1 
20:07:05.863 93.0 7.3 -0.2 -1.1 11.0 311.6 319.5 330.5 30.0 86.0 0 127 127 1 127 59 85 0 0 0 0 37.969665 23.740476 0 246.4 36.1 
20:07:06.371 93.0 7.3 -0.2 -1.1 11.0 311.9 319.5 330.5 30.0 86.0 0 127 127 1 127 59 85 0 0 0 0 37.969665 23.740476 0 246.4 36.1 
20:07:06.879 95.0 7.3 -0.2 -1.1 11.0 312.0 319.5 330.5 30.0 86.0 0 127 127 1 127 59 85 0 0 0 0 37.969665 23.740476 0 246.4 36.1 
20:07:07.387 95.0 7.3 -0.2 -1.2 11.0 307.5 319.5 330.5 30.0 86.0 0 127 127 1 127 59 85 0 0 0 0 37.969665 23.740476 0 246.4 36.1 
20:07:07.896 93.0 7.3 -0.2 -1.0 11.0 310.3 319.5 330.5 30.0 86.0 0 127 127 1 127 59 85 0 0 0 0 37.969665 23.740476 0 246.4 36.1 
20:07:08.403 93.0 7.3 -0.2 -1.1 11.0 310.4 319.5 330.5 30.0 86.0 0 127 127 1 127 59 85 0 0 0 0 37.969665 23.740476 0 246.4 36.1 
20:07:08.914 95.0 7.3 -0.2 -1.0 11.0 311.7 319.5 330.5 30.0 86.0 0 127 127 1 127 59 85 0 0 0 0 37.969665 23.740476 0 246.4 36.1 
20:07:09.423 95.0 7.3 -0.2 -1.2 11.0 311.6 319.5 330.5 30.0 86.0 0 127 127 1 127 59 85 0 0 0 0 37.969665 23.740476 0 246.4 36.1 
20:07:09.933 93.0 7.3 -0.2 -1.0 11.0 311.6 319.5 330.5 30.0 86.0 0 127 127 1 127 59 85 0 0 0 0 37.969665 23.740476 0 246.4 36.1 
20:07:10.443 93.0 7.3 -0.2 -1.2 12.0 310.8 319.5 331.5 29.0 86.0 0 127 127 1 127 59 85 0 0 0 0 37.969665 23.740476 0 246.4 36.1 
20:07:10.951 95.0 7.3 -0.2 -1.1 12.0 312.2 319.5 331.5 29.0 86.0 0 127 127 1 127 59 85 0 0 0 0 37.969665 23.740476 0 246.4 36.1 
20:07:11.459 95.0 7.3 -0.2 -1.0 12.0 310.6 319.5 331.5 29.0 86.0 0 127 127 1 127 59 85 0 0 0 0 37.969665 23.740476 0 246.4 36.1 
20:07:11.967 93.0 7.3 -0.2 -1.1 12.0 311.5 319.5 331.5 29.0 86.0 0 127 127 1 127 59 85 0 0 0 0 37.969665 23.740476 0 246.4 36.1 
20:07:12.473 93.0 7.3 -0.2 -1.1 12.0 311.4 319.5 331.5 29.0 86.0 0 127 127 1 127 59 85 0 0 0 0 37.969665 23.740476 0 246.4 36.1 
20:07:12.983 93.0 7.3 -0.2 -1.1 12.0 312.4 319.5 331.5 29.0 86.0 0 127 127 1 127 59 85 0 0 0 0 37.969665 23.740476 0 246.4 36.1 
20:07:13.493 93.0 7.3 -0.2 -0.9 12.0 311.2 319.5 331.5 29.0 86.0 0 127 127 1 127 59 85 0 0 0 0 37.969665 23.740476 0 246.4 36.1 
20:07:14.002 95.0 7.3 -0.2 -1.0 12.0 309.7 319.5 331.5 29.0 86.0 0 127 127 1 127 59 85 0 0 0 0 37.969665 23.740476 0 246.4 36.1 
20:07:14.508 95.0 7.3 -0.3 -1.0 12.0 309.8 319.5 331.5 29.0 86.0 0 127 127 1 127 59 85 0 0 0 0 37.969665 23.740476 0 246.4 36.1 
20:07:15.017 93.0 7.3 -0.2 -1.1 12.0 309.1 319.5 331.5 29.0 86.0 0 127 127 1 127 59 85 0 0 0 0 37.969665 23.740486 0 247.0 36.9 
20:07:15.526 93.0 7.3 -0.1 -1.2 12.0 310.6 319.5 331.5 29.0 86.0 0 127 127 1 127 59 85 0 0 0 0 37.969665 23.740486 0 247.0 36.9 
20:07:16.036 93.0 7.3 -0.2 -1.1 12.0 310.0 319.5 331.5 29.0 86.0 0 127 127 1 127 59 85 0 0 0 0 37.969665 23.740486 0 247.0 36.9 
20:07:16.547 93.0 7.3 -0.2 -1.0 12.0 309.8 319.5 331.5 29.0 86.0 20.0 127 127 48 127 59 85 0 0 0 0 37.969665 23.740486 0 247.0 36.9 
20:07:17.057 81.0 7.1 10.0 -1.7 12.0 318.6 319.5 331.5 29.0 86.0 38.0 127 127 80 127 59 85 0 0 0 0 37.969665 23.740486 0 247.0 36.9 
20:07:17.565 81.0 7.1 4.1 -16.5 51.0 350.2 319.5 8.5 -8.0 81.0 38.0 156 127 80 127 59 85 0 0 0 0 37.969665 23.740486 0 247.0 36.9 
20:07:18.075 86.0 7.2 5.1 -10.5 66.0 15.5 319.5 24.5 -24.0 69.0 38.0 197 128 80 127 59 85 0 0 0 0 37.969665 23.740486 0 247.0 36.9 
20:07:18.583 86.0 7.2 1.2 -16.5 108.0 80.9 319.5 66.5 -66.0 72.0 38.0 188 127 80 127 59 85 0 0 0 0 37.969665 23.740486 0 247.0 36.9 
20:07:19.093 82.0 7.2 1.8 -1.3 123.0 48.5 319.5 82.5 -82.0 86.0 38.0 127 127 80 127 59 85 0 0 0 0 37.969665 23.740486 0 247.0 36.9 
20:07:19.601 82.0 7.2 1.5 0.8 119.0 64.9 319.5 78.5 -78.0 86.0 38.0 127 127 80 127 59 85 0 0 0 0 37.969665 23.740486 0 247.0 36.9 
20:07:20.107 81.0 7.1 2.5 -6.2 120.0 65.8 319.5 78.5 -78.0 73.0 38.0 186 127 80 127 59 85 0 0 0 0 37.969665 23.740486 0 247.0 36.9 
20:07:20.617 81.0 7.1 3.9 -2.6 131.0 65.0 319.5 90.5 -90.0 95.0 38.0 88 124 80 127 59 85 0 0 0 0 37.969665 23.740486 0 247.0 36.9 
20:07:21.124 84.0 7.2 -2.7 27.1 58.0 18.8 319.5 18.5 -18.0 106.0 38.0 55 127 80 127 59 85 0 0 0 0 37.969665 23.740486 0 247.0 36.9 
20:07:21.633 84.0 7.2 -18.3 3.1 37.0 7.5 319.5 356.5 4.0 86.0 38.0 127 127 80 127 59 85 0 0 0 0 37.969665 23.740486 0 247.0 36.9 
20:07:22.141 81.0 7.1 -7.0 -1.4 51.0 0.8 319.5 9.5 -9.0 42.0 38.0 255 127 80 127 59 85 0 0 0 0 37.969665 23.740486 0 247.0 36.9 
20:07:22.649 81.0 7.1 0.4 1.8 58.0 2.6 319.5 17.5 -17.0 83.0 59.0 142 127 114 127 59 85 0 0 0 0 37.969665 23.740486 0 247.0 36.9 
20:07:23.157 81.0 7.1 -4.7 1.9 41.0 21.4 319.5 0.5 0 90.0 0 114 127 14 127 59 85 0 0 0 0 37.969665 23.740486 0 247.0 36.9 
20:07:23.664 81.0 7.1 -1.6 0.9 41.0 1.4 319.5 0.5 0 107.0 26.0 50 127 61 127 59 85 0 0 0 0 37.969707 23.740550 0 244.2 44.0 
20:07:24.173 84.0 7.2 -0.1 0.3 39.0 359.5 319.5 358.5 2.0 119.0 32.0 25 127 71 127 59 85 0 0 0 0 37.969707 23.740550 0 244.2 44.0 
20:07:24.680 84.0 7.2 1.8 1.2 37.0 356.7 319.5 356.5 4.0 86.0 32.0 127 127 70 127 59 85 0 0 0 0 37.969707 23.740550 0 244.2 44.0 
20:07:25.190 89.0 7.3 0.1 1.1 37.0 12.4 319.5 356.5 4.0 86.0 0 127 127 1 127 59 85 0 0 0 0 37.969707 23.740550 0 244.2 44.0 
20:07:25.698 89.0 7.3 0.3 0.7 37.0 12.0 319.5 356.5 4.0 86.0 0 127 127 1 127 59 85 0 0 0 0 37.969707 23.740550 0 244.2 44.0 
20:07:26.207 91.0 7.3 0.3 0.6 37.0 12.1 319.5 356.5 4.0 86.0 0 127 127 1 127 59 85 0 0 0 0 37.969707 23.740550 0 244.2 44.0 
20:07:26.713 91.0 7.3 0.3 0.7 37.0 12.5 319.5 356.5 4.0 86.0 0 127 127 1 127 59 85 0 0 0 0 37.969707 23.740550 0 244.2 44.0 
20:07:27.224 91.0 7.3 0.3 0.7 37.0 12.5 319.5 356.5 4.0 86.0 0 127 127 1 127 59 85 0 0 0 0 37.969707 23.740550 0 244.2 44.0 
20:07:27.731 91.0 7.3 0.3 0.7 37.0 12.5 319.5 356.5 4.0 86.0 0 127 127 1 127 59 85 0 0 0 0 37.969707 23.740550 0 244.2 44.0 
20:07:28.238 91.0 7.3 0.3 0.7 37.0 12.1 319.5 356.5 4.0 86.0 0 127 127 1 127 59 85 0 0 0 0 37.969707 23.740550 0 244.2 44.0 
20:07:28.747 91.0 7.3 0.3 0.8 37.0 12.7 319.5 356.5 4.0 86.0 0 127 127 1 127 59 85 0 0 0 0 37.969707 23.740550 0 244.2 44.0 
20:07:29.254 91.0 7.3 0.3 0.8 37.0 13.2 319.5 356.5 4.0 86.0 0 127 127 1 127 59 85 0 0 0 0 37.969707 23.740550 0 244.2 44.0 
20:07:29.761 91.0 7.3 0.3 0.8 38.0 12.5 319.5 357.5 3.0 86.0 0 127 127 1 127 59 85 0 0 0 0 37.969707 23.740550 0 244.2 44.0 
20:07:30.268 91.0 7.3 0.3 0.8 38.0 12.3 319.5 357.5 3.0 86.0 0 127 127 1 127 59 85 0 0 0 0 37.969707 23.740550 0 244.2 44.0 
20:07:30.778 91.0 7.3 0.4 0.7 38.0 12.4 319.5 357.5 3.0 86.0 0 127 127 1 127 59 85 0 0 0 0 37.969707 23.740550 0 244.2 44.0 
20:07:31.287 93.0 7.3 0.3 0.8 38.0 11.3 319.5 357.5 3.0 86.0 0 127 127 1 127 59 85 0 0 0 0 37.969707 23.740550 0 244.2 44.0 
20:07:31.793 93.0 7.3 0.5 1.0 39.0 10.7 319.5 358.5 2.0 86.0 0 127 127 1 127 59 85 0 0 0 0 37.969707 23.740550 0 244.2 44.0 
20:07:32.301 93.0 7.3 0.3 1.0 39.0 10.8 319.5 358.5 2.0 86.0 0 127 127 1 127 59 85 0 0 0 0 37.969707 23.740550 0 244.2 44.0 
20:07:32.811 93.0 7.3 -0.0 0.2 42.0 353.9 319.5 1.5 -1.0 86.0 0 127 127 1 127 59 85 0 0 0 0 37.969707 23.740550 0 244.2 44.0 
20:07:33.320 93.0 7.3 4.0 -0.4 43.0 15.4 319.5 2.5 -2.0 86.0 0 127 127 1 127 59 85 0 0 0 0 37.969707 23.740550 0 244.2 44.0 
20:07:33.830 93.0 7.3 0.4 0.2 43.0 13.5 319.5 2.5 -2.0 86.0 0 127 127 1 127 59 85 0 0 0 0 37.969707 23.740550 0 244.2 44.0 
20:07:34.338 93.0 7.3 0.3 0.3 43.0 15.1 319.5 2.5 -2.0 86.0 0 127 127 1 127 59 85 0 0 0 0 37.969707 23.740550 0 244.2 44.0 
20:07:34.845 93.0 7.3 0.3 0.3 43.0 15.2 319.5 2.5 -2.0 86.0 0 127 127 1 127 59 85 0 0 0 0 37.969707 23.740550 0 244.2 44.0 
20:07:35.353 93.0 7.3 0.3 0.2 43.0 16.8 319.5 2.5 -2.0 86.0 14.0 130 127 32 127 59 85 0 0 0 0 37.969707 23.740550 0 244.2 44.0 
20:07:35.863 93.0 7.3 5.0 -0.7 43.0 5.2 319.5 2.5 -2.0 86.0 25.0 128 127 58 127 59 85 0 0 0 0 37.969707 23.740550 0 244.2 44.0 
20:07:36.370 79.0 7.1 1.2 -10.6 78.0 25.4 319.5 36.5 -36.0 42.0 25.0 255 127 58 127 59 85 0 0 0 0 37.969707 23.740550 0 244.2 44.0 
20:07:36.876 79.0 7.1 0.9 -6.6 125.0 65.9 319.5 83.5 -83.0 42.0 25.0 255 127 58 127 59 85 0 0 0 0 37.969707 23.740550 0 244.2 44.0 
20:07:37.384 89.0 7.3 -4.6 -1.6 165.0 111.6 319.5 123.5 -123.0 42.0 25.0 255 127 58 127 59 85 0 0 0 0 37.969707 23.740550 0 244.2 44.0 
20:07:37.891 89.0 7.3 4.2 -6.9 201.0 134.7 319.5 159.5 -159.0 42.0 25.0 255 127 58 127 59 85 0 0 0 0 37.969707 23.740550 0 244.2 44.0 
20:07:38.398 79.0 7.1 9.3 1.6 229.0 182.3 319.5 188.5 172.0 86.0 25.0 128 127 58 127 59 85 0 0 0 0 37.969707 23.740550 0 244.2 44.0 
20:07:38.910 79.0 7.1 6.9 1.5 229.0 180.8 319.5 188.5 172.0 86.0 25.0 127 127 58 127 59 85 0 0 0 0 37.969707 23.740550 0 244.2 44.0 
20:07:39.419 91.0 7.3 -1.7 2.5 229.0 181.4 319.5 188.5 172.0 86.0 24.0 127 127 57 127 59 85 0 0 0 0 37.969707 23.740550 0 244.2 44.0 
20:07:39.929 91.0 7.3 0.2 1.1 253.0 183.5 319.5 212.5 148.0 86.0 24.0 128 127 57 127 59 85 0 0 0 0 37.969707 23.740550 0 244.2 44.0 
20:07:40.437 81.0 7.1 -1.1 2.9 254.0 190.8 319.5 213.5 147.0 86.0 0 127 127 1 127 59 85 0 0 0 0 37.969707 23.740550 0 244.2 44.0 
20:07:40.944 81.0 7.1 3.0 2.7 254.0 192.1 319.5 213.5 147.0 86.0 0 127 127 1 127 59 85 0 0 0 0 37.969707 23.740550 0 244.2 44.0 
20:07:41.452 91.0 7.3 3.1 2.8 254.0 192.5 319.5 213.5 147.0 86.0 0 127 127 1 127 59 85 0 0 0 0 37.969707 23.740550 0 244.2 44.0 
20:07:41.959 91.0 7.3 3.2 2.7 254.0 191.3 319.5 213.5 147.0 86.0 0 127 127 1 127 59 85 0 0 0 0 37.969703 23.740562 0 244.7 44.9 
20:07:42.467 91.0 7.3 3.1 2.8 254.0 191.7 319.5 213.5 147.0 86.0 0 127 127 1 127 59 85 0 0 0 0 37.969703 23.740562 0 244.7 44.9 
20:07:42.977 91.0 7.3 3.1 2.7 254.0 191.8 319.5 213.5 147.0 86.0 0 127 127 1 127 59 85 0 0 0 0 37.969703 23.740562 0 244.7 44.9 
20:07:43.484 91.0 7.3 3.2 2.7 254.0 191.7 319.5 213.5 147.0 86.0 0 127 127 1 127 59 85 0 0 0 0 37.969703 23.740562 0 244.7 44.9 
20:07:43.992 91.0 7.3 3.1 2.8 254.0 192.1 319.5 213.5 147.0 86.0 0 127 127 1 127 59 85 0 0 0 0 37.969703 23.740562 0 244.7 44.9 
20:07:44.498 91.0 7.3 3.1 2.7 255.0 191.3 319.5 214.5 146.0 86.0 0 127 127 1 127 59 85 0 0 255 0 37.969703 23.740562 0 0 0 
20:07:45.010 91.0 7.3 3.1 2.7 255.0 192.2 319.5 214.5 146.0 86.0 0 127 127 1 127 59 85 0 0 255 0 37.969703 23.740562 0 0 0 
20:07:45.518 91.0 7.3 3.1 2.9 255.0 191.4 319.5 214.5 146.0 86.0 0 127 127 1 127 59 85 0 0 255 0 37.969703 23.740562 0 0 0 
20:07:46.026 91.0 7.3 3.1 2.8 255.0 191.7 319.5 214.5 146.0 86.0 0 127 127 1 127 59 85 0 0 255 0 37.969703 23.740562 0 0 0 
20:07:46.538 91.0 7.3 3.1 2.8 255.0 191.6 319.5 214.5 146.0 86.0 0 127 127 1 127 59 85 0 0 255 0 37.969703 23.740562 0 0 0 
20:07:47.046 91.0 7.3 3.1 2.9 255.0 191.9 319.5 214.5 146.0 86.0 0 127 127 1 127 59 85 0 0 255 0 37.969703 23.740562 0 0 0 
20:07:47.556 93.0 7.3 3.2 2.7 255.0 192.1 319.5 214.5 146.0 86.0 0 127 127 1 127 59 85 0 0 255 0 37.969703 23.740562 0 0 0 
20:07:48.065 93.0 7.3 3.1 2.8 255.0 191.8 319.5 214.5 146.0 86.0 0 127 127 1 127 59 85 0 0 255 0 37.969703 23.740562 0 0 0 
20:07:48.572 93.0 7.3 3.1 2.8 255.0 191.5 319.5 214.5 146.0 86.0 0 127 127 1 127 59 85 0 0 255 0 37.969703 23.740562 0 0 0 
20:07:49.078 93.0 7.3 3.0 2.8 255.0 190.6 319.5 214.5 146.0 86.0 0 127 127 1 127 59 85 0 0 255 0 37.969703 23.740562 0 0 0 
20:07:49.597 93.0 7.3 3.1 2.8 256.0 190.8 319.5 215.5 159.0 86.0 0 127 127 1 127 59 85 0 0 255 0 37.969696 23.740558 14.1 14.1 1.4 
20:07:50.104 93.0 7.3 3.1 2.8 256.0 191.5 319.5 215.5 145.0 86.0 0 127 127 1 127 59 85 0 0 255 0 37.969696 23.740558 0 0 0 
20:07:50.611 93.0 7.3 3.1 2.9 256.0 191.2 319.5 215.5 -125.0 86.0 0 127 127 1 127 59 85 0 0 255 0 37.969696 23.740556 90.0 90.0 0.2 
20:07:51.121 93.0 7.3 3.0 2.9 256.0 191.9 319.5 215.5 145.0 86.0 0 127 127 1 127 59 85 0 0 255 0 37.969696 23.740556 0 0 0 
20:07:51.628 93.0 7.3 3.1 2.8 256.0 191.6 319.5 215.5 145.0 86.0 0 127 127 1 127 59 85 0 0 255 0 37.969696 23.740556 0 0 0 
20:07:52.136 93.0 7.3 3.1 2.8 256.0 191.6 319.5 215.5 145.0 86.0 0 127 127 1 127 59 85 0 0 255 0 37.969696 23.740556 0 0 0 
20:07:52.649 93.0 7.3 3.1 2.7 256.0 191.0 319.5 215.5 145.0 86.0 0 127 127 1 127 59 85 0 0 127 0 37.969696 23.740556 0 0 0 
20:07:53.159 93.0 7.3 3.1 2.8 256.0 191.1 319.5 215.5 145.0 86.0 0 127 127 1 127 59 85 0 0 0 0 37.969696 23.740556 0 0 0 
20:07:53.669 93.0 7.3 3.1 2.8 256.0 191.8 319.5 215.5 145.0 86.0 0 127 127 1 127 59 85 0 0 0 0 37.969696 23.740556 0 0 0 
20:07:54.178 93.0 7.3 3.1 2.9 256.0 192.1 319.5 215.5 145.0 86.0 0 127 127 1 127 59 85 0 0 0 0 37.969696 23.740556 0 0 0 
20:07:54.687 93.0 7.3 3.2 2.6 256.0 191.4 319.5 215.5 145.0 86.0 0 127 127 1 127 59 85 0 0 0 0 37.969696 23.740556 0 0 0 
20:07:55.193 93.0 7.3 6.8 2.4 257.0 185.5 319.5 216.5 144.0 86.0 44.0 127 127 89 126 59 85 0 0 0 0 37.969696 23.740556 0 0 0 
20:07:55.701 79.0 7.1 14.7 1.8 257.0 198.7 319.5 216.5 144.0 77.0 46.0 170 127 91 127 59 85 0 0 0 0 37.969696 23.740556 0 0 0 
20:07:56.209 79.0 7.1 10.6 1.4 273.0 201.6 319.5 232.5 128.0 86.0 46.0 127 127 91 127 59 85 0 0 0 0 37.969696 23.740556 0 0 0 
20:07:56.718 82.0 7.2 10.2 15.1 251.0 185.9 319.5 211.5 149.0 86.0 46.0 127 127 91 127 59 85 0 0 0 0 37.969696 23.740556 0 0 0 
20:07:57.227 82.0 7.2 7.4 20.1 225.0 153.1 319.5 185.5 175.0 86.0 46.0 127 127 91 127 59 85 0 0 0 0 37.969696 23.740556 0 0 0 
20:07:57.737 79.0 7.1 4.8 1.2 219.0 151.9 319.5 178.5 -178.0 86.0 46.0 127 127 91 127 59 85 0 0 0 0 37.969696 23.740556 0 0 0 
20:07:58.246 79.0 7.1 6.1 2.2 220.0 155.1 319.5 179.5 -179.0 86.0 46.0 127 127 91 127 59 85 0 0 0 0 37.969696 23.740556 0 0 0 
20:07:58.754 65.0 6.9 4.9 1.3 222.0 162.3 319.5 181.5 179.0 86.0 46.0 127 127 91 127 59 85 0 0 0 0 37.969696 23.740556 0 0 0 
20:07:59.260 65.0 6.9 4.5 21.7 199.0 163.2 319.5 158.5 -158.0 86.0 46.0 127 127 91 127 59 85 0 0 0 0 37.969696 23.740556 0 0 0 
20:07:59.768 82.0 7.2 3.5 10.3 180.0 98.0 319.5 138.5 -138.0 86.0 46.0 127 127 91 127 59 85 0 0 0 0 37.969696 23.740556 0 0 0 
20:08:00.277 82.0 7.2 0.5 -5.3 185.0 98.5 319.5 142.5 -142.0 42.0 46.0 255 127 91 127 59 85 0 0 0 0 37.969696 23.740556 0 0 0 
20:08:00.786 81.0 7.1 2.6 -1.1 216.0 150.8 319.5 175.5 -175.0 86.0 46.0 127 127 91 127 59 85 0 0 0 0 37.969696 23.740556 0 0 0 
20:08:01.296 81.0 7.1 1.7 -20.6 254.0 170.3 319.5 213.5 147.0 86.0 46.0 127 127 91 127 59 85 0 0 0 0 37.969696 23.740556 0 0 0 
20:08:01.804 79.0 7.1 1.6 27.2 222.0 164.4 319.5 182.5 178.0 106.0 46.0 54 127 91 127 59 85 0 0 0 0 37.969696 23.740556 0 0 0 
20:08:02.313 79.0 7.1 3.4 8.8 190.0 111.9 319.5 149.5 -149.0 86.0 46.0 127 127 91 127 59 85 0 0 0 0 37.969696 23.740556 0 0 0 
20:08:02.823 79.0 7.1 1.3 20.5 170.0 114.8 319.5 131.5 -131.0 116.0 46.0 127 127 91 127 59 85 255 0 0 0 37.969696 23.740556 0 0 0 
20:08:03.329 79.0 7.1 0.3 37.8 94.0 61.0 319.5 55.5 -55.0 116.0 46.0 127 127 91 127 59 85 255 0 0 0 37.969696 23.740556 0 0 0 
20:08:03.836 60.0 6.8 2.9 20.4 34.0 334.3 319.5 353.5 7.0 85.0 46.0 127 127 91 127 59 85 255 0 0 0 37.969696 23.740556 0 0 0 
20:08:04.344 60.0 6.8 4.8 0.4 44.0 339.3 319.5 3.5 -3.0 86.0 46.0 127 127 91 127 59 85 255 0 0 0 37.969696 23.740556 0 0 0 
20:08:04.855 77.0 7.1 3.2 -0.1 48.0 348.2 319.5 7.5 -7.0 87.0 46.0 127 127 91 127 59 85 255 0 0 0 37.969696 23.740556 0 0 0 
20:08:05.362 77.0 7.1 3.9 0.9 46.0 1.5 319.5 5.5 -5.0 86.0 46.0 127 127 91 127 59 85 255 0 0 0 37.969696 23.740556 0 0 0 
20:08:05.871 79.0 7.1 2.9 3.2 46.0 350.9 319.5 5.5 -5.0 87.0 46.0 127 127 91 127 59 85 255 0 0 0 37.969604 23.740615 0 331.8 11.0 
20:08:06.379 79.0 7.1 2.8 0.3 50.0 25.1 319.5 9.5 -9.0 88.0 46.0 127 127 91 127 59 85 255 0 0 0 37.969604 23.740615 0 331.8 11.0 
20:08:06.885 68.0 7.0 1.8 -5.5 46.0 331.6 319.5 5.5 -5.0 86.0 46.0 127 127 91 127 59 85 255 0 0 0 37.969604 23.740615 0 331.8 11.0 
20:08:07.393 68.0 7.0 3.0 6.7 45.0 338.4 319.5 4.5 -4.0 86.0 46.0 127 127 91 127 59 85 255 0 0 255 37.969604 23.740615 0 331.8 11.0 
20:08:07.900 82.0 7.2 -7.2 39.8 334.0 266.5 319.5 294.5 37.0 58.0 0 127 127 91 127 59 85 255 0 0 255 37.969604 23.740615 331.8 331.8 11.0 
20:08:08.408 82.0 7.2 -9.4 9.3 17.0 284.1 319.5 339.5 -7.0 90.0 0 127 127 91 127 59 85 255 0 0 255 37.969604 23.740615 331.8 331.8 11.0 
20:08:08.915 88.0 7.2 -5.7 2.0 9.0 313.3 319.5 327.5 4.0 86.0 0 127 127 91 127 59 85 255 0 0 255 37.969604 23.740615 331.8 331.8 11.0 
20:08:09.425 88.0 7.2 -5.5 2.3 9.0 287.8 319.5 328.5 3.0 86.0 0 127 127 91 127 59 85 255 0 0 255 37.969604 23.740615 331.8 331.8 11.0 
20:08:09.932 89.0 7.3 -4.9 2.9 9.0 314.1 319.5 328.5 3.0 86.0 0 127 127 91 127 59 85 255 0 0 255 37.969604 23.740615 331.8 331.8 11.0 
20:08:10.442 89.0 7.3 -2.8 2.4 9.0 304.5 296.9 305.9 25.0 86.0 0 127 127 91 127 59 85 255 0 0 255 37.969604 23.740615 331.8 331.8 11.0 
20:08:10.951 88.0 7.2 -0.2 2.0 9.0 307.9 296.9 305.9 25.0 66.0 0 127 127 91 127 59 85 255 0 0 255 37.969604 23.740615 331.8 331.8 11.0 
20:08:11.459 88.0 7.2 -0.1 2.0 9.0 305.2 296.9 305.9 25.0 66.0 0 127 127 91 127 59 85 255 0 0 255 37.969604 23.740615 331.8 331.8 11.0 
20:08:11.969 89.0 7.3 -0.1 2.1 9.0 305.0 296.9 305.9 25.0 66.0 0 127 127 91 127 59 85 255 0 0 255 37.969604 23.740615 331.8 331.8 11.0 
20:08:12.476 89.0 7.3 -0.1 2.0 10.0 304.7 296.9 306.9 24.0 67.0 0 127 127 91 127 59 85 255 0 0 255 37.969604 23.740615 331.8 331.8 11.0 
20:08:12.985 89.0 7.3 -0.2 2.0 10.0 304.7 296.9 306.9 24.0 67.0 0 127 127 91 127 59 85 255 0 0 255 37.969604 23.740615 331.8 331.8 11.0 
20:08:13.492 89.0 7.3 -0.1 1.9 10.0 307.2 296.9 306.9 24.0 67.0 0 127 127 91 127 59 85 255 0 0 255 37.969604 23.740615 331.8 331.8 11.0 
20:08:14.000 89.0 7.3 -0.1 2.0 10.0 305.9 296.9 306.9 24.0 67.0 0 127 127 91 127 59 85 255 0 0 255 37.969604 23.740615 331.8 331.8 11.0 
20:08:14.508 89.0 7.3 -0.1 2.0 10.0 307.4 296.9 306.9 24.0 67.0 0 127 127 91 127 59 85 255 0 0 255 37.969604 23.740615 331.8 331.8 11.0 
20:08:15.016 89.0 7.3 -0.1 2.0 10.0 304.2 296.9 306.9 24.0 67.0 0 127 127 91 127 59 85 255 0 0 255 37.969604 23.740615 331.8 331.8 11.0 
20:08:15.527 89.0 7.3 -0.1 2.0 10.0 304.7 296.9 306.9 24.0 67.0 0 127 127 91 127 59 85 255 0 0 255 37.969604 23.740615 331.8 331.8 11.0 
20:08:16.037 91.0 7.3 12.3 -2.4 25.0 317.8 296.9 321.9 9.0 82.0 46.0 127 127 91 127 59 85 255 0 0 0 37.969604 23.740615 331.8 331.8 11.0 
20:08:16.547 91.0 7.3 10.6 3.3 25.0 325.3 296.9 322.9 8.0 84.0 46.0 127 127 91 127 59 85 255 0 0 0 37.969604 23.740615 331.8 331.8 11.0 
20:08:17.057 65.0 6.9 6.5 -1.3 31.0 329.2 296.9 327.9 3.0 86.0 46.0 127 127 91 127 59 85 255 0 0 0 37.969604 23.740615 331.8 331.8 11.0 
20:08:17.568 65.0 6.9 4.5 1.4 26.0 320.1 296.9 321.9 9.0 84.0 46.0 127 127 91 127 59 85 255 0 0 0 37.969604 23.740615 331.8 331.8 11.0 
20:08:18.077 81.0 7.1 3.7 6.0 25.0 310.6 296.9 321.9 9.0 84.0 46.0 127 127 91 127 59 85 255 0 0 0 37.969604 23.740615 331.8 331.8 11.0 
20:08:18.583 81.0 7.1 -5.8 0.5 29.0 325.3 296.9 325.9 5.0 86.0 0 127 127 91 127 59 85 255 0 0 255 37.969604 23.740615 331.8 331.8 11.0 
20:08:19.092 89.0 7.3 -5.1 -2.3 28.0 316.8 296.9 324.9 6.0 85.0 0 127 127 91 127 59 85 255 0 0 255 37.969604 23.740615 331.8 331.8 11.0 
20:08:19.600 89.0 7.3 -6.9 1.3 28.0 332.7 296.9 324.9 6.0 85.0 0 127 127 91 127 59 85 255 0 0 255 37.969604 23.740615 331.8 331.8 11.0 
20:08:20.108 89.0 7.3 -6.3 1.3 27.0 322.0 296.9 323.9 7.0 85.0 0 127 127 91 127 59 85 255 0 0 255 37.969604 23.740615 331.8 331.8 11.0 
20:08:20.615 89.0 7.3 -5.3 0.4 28.0 307.4 296.9 324.9 6.0 85.0 0 127 127 91 127 59 85 255 0 0 255 37.969604 23.740615 331.8 331.8 11.0 
20:08:21.125 89.0 7.3 -4.6 0.4 28.0 335.9 296.9 324.9 6.0 85.0 0 127 127 91 127 59 85 255 0 0 255 37.969604 23.740615 331.8 331.8 11.0 
20:08:21.633 89.0 7.3 -5.3 1.1 28.0 339.0 296.9 324.9 6.0 85.0 0 127 127 91 127 59 85 255 0 0 255 37.969604 23.740615 331.8 331.8 11.0 
20:08:22.141 91.0 7.3 -2.4 0.7 28.0 333.3 296.9 324.9 6.0 85.0 0 127 127 91 127 59 85 255 0 0 255 37.969604 23.740615 331.8 331.8 11.0 
20:08:22.647 91.0 7.3 -1.1 0.6 28.0 334.2 296.9 324.9 6.0 85.0 0 127 127 91 127 59 85 255 0 0 255 37.969604 23.740615 331.8 331.8 11.0 
20:08:23.157 91.0 7.3 -1.0 0.5 28.0 332.9 296.9 324.9 6.0 85.0 0 127 127 91 127 59 85 255 0 0 255 37.969604 23.740615 331.8 331.8 11.0 
20:08:23.665 91.0 7.3 -1.1 0.6 28.0 333.6 296.9 324.9 6.0 85.0 0 127 127 91 127 59 85 255 0 0 255 37.969604 23.740615 331.8 331.8 11.0 
20:08:24.174 91.0 7.3 -1.1 0.6 28.0 332.4 296.9 324.9 6.0 85.0 0 127 127 91 127 59 85 255 0 0 255 37.969604 23.740615 331.8 331.8 11.0 
20:08:24.682 91.0 7.3 -1.1 0.7 29.0 332.7 296.9 325.9 5.0 86.0 0 127 127 128 127 59 85 255 0 0 255 37.969604 23.740615 331.8 331.8 11.0 
20:08:25.189 91.0 7.3 -1.0 0.6 29.0 334.2 296.9 325.9 5.0 86.0 0 127 127 153 127 59 85 255 0 0 255 37.969604 23.740615 331.8 331.8 11.0 
20:08:25.697 91.0 7.3 -1.1 0.7 29.0 333.4 296.9 325.9 5.0 86.0 6.0 127 127 155 127 59 85 255 0 0 0 37.969604 23.740615 331.8 331.8 11.0 
20:08:26.205 91.0 7.3 5.7 0.4 29.0 313.5 296.9 325.9 5.0 86.0 59.0 127 127 165 127 59 85 255 0 0 0 37.969604 23.740615 331.8 331.8 11.0 
20:08:26.714 91.0 7.3 13.6 -0.2 29.0 311.0 296.9 325.9 5.0 86.0 35.0 127 127 171 127 59 85 255 0 0 255 37.969604 23.740615 331.8 331.8 11.0 
20:08:27.221 84.0 7.2 2.0 -0.5 28.0 322.4 296.9 324.9 6.0 85.0 35.0 127 127 171 127 59 85 255 0 0 255 37.969604 23.740615 331.8 331.8 11.0 
20:08:27.728 84.0 7.2 1.0 -0.0 27.0 321.4 296.9 323.9 7.0 85.0 35.0 127 127 171 127 59 85 255 0 0 255 37.969604 23.740615 331.8 331.8 11.0 
20:08:28.235 84.0 7.2 0.9 -0.0 29.0 330.8 296.9 325.9 5.0 86.0 35.0 127 127 171 127 59 85 255 0 0 255 37.969604 23.740615 331.8 331.8 11.0 
20:08:28.746 84.0 7.2 -7.1 -2.7 30.0 323.8 296.9 326.9 4.0 86.0 0 127 127 171 127 59 85 255 0 0 255 37.969604 23.740615 331.8 331.8 11.0 
20:08:29.255 89.0 7.3 -7.4 -0.4 27.0 333.3 296.9 323.9 7.0 85.0 0 127 127 171 127 59 85 255 0 0 255 37.969604 23.740615 331.8 331.8 11.0 
20:08:29.762 89.0 7.3 -5.5 -0.9 29.0 324.7 296.9 325.9 5.0 86.0 0 127 127 171 127 59 85 255 0 0 255 37.969604 23.740615 331.8 331.8 11.0 
20:08:30.269 89.0 7.3 -5.7 1.9 26.0 344.1 296.9 322.9 8.0 84.0 0 127 127 171 127 59 85 255 0 0 255 37.969604 23.740615 331.8 331.8 11.0 
20:08:30.778 89.0 7.3 -5.3 2.0 27.0 322.0 296.9 323.9 7.0 85.0 0 127 127 171 127 59 85 255 0 0 255 37.969604 23.740615 331.8 331.8 11.0 
20:08:31.287 91.0 7.3 -3.7 1.6 27.0 341.5 296.9 323.9 7.0 85.0 0 127 127 171 127 59 85 255 0 0 255 37.969604 23.740615 331.8 331.8 11.0 
20:08:31.795 91.0 7.3 -0.5 1.5 27.0 340.0 296.9 323.9 7.0 85.0 0 127 127 171 127 59 85 255 0 0 255 37.969604 23.740615 331.8 331.8 11.0 
20:08:32.302 89.0 7.3 -0.3 1.5 27.0 341.7 296.9 323.9 7.0 85.0 0 127 127 171 127 59 85 255 0 0 255 37.969604 23.740615 331.8 331.8 11.0 
20:08:32.810 89.0 7.3 -0.2 1.1 27.0 340.9 296.9 323.9 -164.0 116.0 0 127 127 171 127 59 85 255 0 0 255 37.969852 23.740482 159.7 159.7 18.8 
20:08:33.317 91.0 7.3 -0.2 1.3 27.0 341.4 296.9 323.9 -164.0 116.0 0 127 127 171 127 59 85 255 0 0 255 37.969852 23.740482 159.7 159.7 18.8 
20:08:33.827 91.0 7.3 -0.2 1.4 27.0 341.3 296.9 323.9 -164.0 116.0 0 127 127 171 127 59 85 255 0 0 255 37.969852 23.740482 159.7 159.7 18.8 
20:08:34.336 91.0 7.3 -0.3 1.5 27.0 342.3 296.9 323.9 -164.0 116.0 0 127 127 171 127 59 85 255 0 0 255 37.969852 23.740482 159.7 159.7 18.8 
20:08:34.846 91.0 7.3 -0.2 1.4 27.0 341.5 296.9 323.9 -164.0 116.0 0 127 127 171 127 59 85 255 0 0 255 37.969852 23.740482 159.7 159.7 18.8 
20:08:35.354 91.0 7.3 -0.3 1.5 27.0 341.5 296.9 323.9 -164.0 116.0 0 127 127 171 127 59 85 255 0 0 255 37.969852 23.740482 159.7 159.7 18.8 
20:08:35.861 91.0 7.3 -0.2 1.4 28.0 340.7 296.9 324.9 -165.0 116.0 0 127 127 171 127 59 85 255 0 0 255 37.969852 23.740482 159.7 159.7 18.8 
20:08:36.368 89.0 7.3 -0.2 1.4 28.0 341.0 296.9 324.9 -165.0 116.0 0 127 127 171 127 59 85 255 0 0 255 37.969852 23.740482 159.7 159.7 18.8 
20:08:36.878 89.0 7.3 9.4 8.6 7.0 310.2 296.9 305.9 -146.0 116.0 35.0 127 127 171 127 59 85 255 0 0 255 37.969852 23.740482 159.7 159.7 18.8 
20:08:37.385 86.0 7.2 0.7 17.8 295.0 223.1 296.9 233.9 -74.0 116.0 35.0 127 127 171 127 59 85 255 0 0 255 37.969852 23.740482 159.7 159.7 18.8 
20:08:37.894 86.0 7.2 1.3 12.5 223.0 147.0 296.9 160.9 -1.0 86.0 35.0 127 127 171 127 59 85 255 0 0 255 37.969852 23.740482 159.7 159.7 18.8 
20:08:38.402 84.0 7.2 5.6 0.7 226.0 149.2 296.9 162.9 -3.0 86.0 35.0 127 127 171 127 59 85 255 0 0 255 37.969852 23.740482 159.7 159.7 18.8 
20:08:38.909 84.0 7.2 5.4 0.8 229.0 136.3 296.9 165.9 -6.0 86.0 35.0 127 127 171 127 59 85 255 0 0 255 37.969852 23.740482 159.7 159.7 18.8 
20:08:39.421 84.0 7.2 -4.0 2.5 228.0 170.9 296.9 164.9 -5.0 86.0 0 127 127 171 127 59 85 255 0 0 255 37.969852 23.740482 159.7 159.7 18.8 
20:08:39.930 84.0 7.2 -4.1 2.3 229.0 168.8 296.9 165.9 -6.0 87.0 0 127 127 171 127 59 85 255 0 0 255 37.969852 23.740482 159.7 159.7 18.8 
20:08:40.438 91.0 7.3 2.8 1.5 229.0 155.3 296.9 165.9 -6.0 87.0 0 127 127 171 127 59 85 255 0 0 255 37.969852 23.740482 159.7 159.7 18.8 
20:08:40.948 91.0 7.3 3.7 1.6 229.0 155.1 -73.4 155.6 4.0 86.0 0 127 127 171 127 59 85 255 0 0 255 37.969852 23.740482 159.7 159.7 18.8 
20:08:41.456 91.0 7.3 3.8 1.6 229.0 155.2 -73.4 155.6 4.0 86.0 0 127 127 171 127 59 85 255 0 0 255 37.969852 23.740482 159.7 159.7 18.8 
20:08:41.965 91.0 7.3 3.8 1.5 229.0 154.0 -73.4 155.6 4.0 86.0 0 127 127 171 127 59 85 255 0 0 255 37.969852 23.740482 159.7 159.7 18.8 
20:08:42.476 91.0 7.3 3.8 1.5 229.0 155.7 -73.4 155.6 4.0 86.0 0 127 127 171 127 59 85 255 0 0 255 37.969852 23.740482 159.7 159.7 18.8 
20:08:42.983 91.0 7.3 3.8 1.5 229.0 153.5 -73.4 155.6 4.0 86.0 0 127 127 171 127 59 85 255 0 0 255 37.969852 23.740482 159.7 159.7 18.8 
20:08:43.490 91.0 7.3 3.8 1.4 229.0 155.2 -73.4 155.6 4.0 86.0 0 127 127 171 127 59 85 255 0 0 255 37.969852 23.740482 159.7 159.7 18.8 
20:08:43.997 91.0 7.3 3.8 1.5 230.0 155.1 -73.4 156.6 -2.0 86.0 0 127 127 171 127 59 85 255 0 0 255 37.969821 23.740478 154.0 154.0 15.6 
20:08:44.504 91.0 7.3 3.8 1.5 230.0 155.3 -73.4 156.6 -2.0 86.0 0 127 127 171 127 59 85 255 0 0 255 37.969821 23.740478 154.0 154.0 15.6 
20:08:45.013 91.0 7.3 3.8 1.5 230.0 155.2 -73.4 156.6 -2.0 86.0 0 127 127 171 127 59 85 255 0 0 255 37.969821 23.740478 154.0 154.0 15.6 
20:08:45.524 91.0 7.3 3.8 1.5 230.0 156.0 -73.4 156.6 -2.0 86.0 0 127 127 171 127 59 85 255 0 0 255 37.969821 23.740478 154.0 154.0 15.6 
20:08:46.034 91.0 7.3 3.8 1.5 230.0 155.2 -73.4 156.6 -2.0 86.0 0 127 127 171 127 59 85 255 0 0 255 37.969821 23.740478 154.0 154.0 15.6 
20:08:46.541 91.0 7.3 3.8 1.4 230.0 155.2 -73.4 156.6 -2.0 86.0 0 127 127 171 127 59 85 255 0 0 255 37.969821 23.740478 154.0 154.0 15.6 
20:08:47.049 91.0 7.3 3.8 1.4 230.0 155.2 -73.4 156.6 -2.0 86.0 35.0 127 127 171 127 59 85 255 0 0 255 37.969821 23.740478 154.0 154.0 15.6 
20:08:47.560 91.0 7.3 11.5 2.8 230.0 156.0 -73.4 156.6 -2.0 86.0 35.0 127 127 171 127 59 85 255 0 0 255 37.969821 23.740478 154.0 154.0 15.6 
20:08:48.069 91.0 7.3 7.5 2.6 230.0 155.7 -73.4 156.6 -2.0 86.0 35.0 127 127 171 127 59 85 255 0 0 255 37.969821 23.740478 154.0 154.0 15.6 
20:08:48.577 84.0 7.2 7.1 1.5 231.0 146.4 -73.4 157.6 -3.0 86.0 35.0 127 127 171 127 59 85 255 0 0 255 37.969821 23.740478 154.0 154.0 15.6 
20:08:49.083 84.0 7.2 4.8 1.2 235.0 162.4 -73.4 162.6 -8.0 87.0 35.0 127 127 171 127 59 85 255 0 0 255 37.969821 23.740478 154.0 154.0 15.6 
20:08:49.592 84.0 7.2 2.0 1.1 236.0 165.7 -73.4 162.6 -8.0 88.0 0 127 127 171 127 59 85 255 0 0 255 37.969821 23.740478 154.0 154.0 15.6 
20:08:50.101 84.0 7.2 -4.0 2.9 235.0 167.3 -73.4 160.6 -6.0 87.0 0 127 127 171 127 59 85 255 0 0 255 37.969821 23.740478 154.0 154.0 15.6 
20:08:50.609 91.0 7.3 -4.6 2.6 235.0 161.6 -79.8 155.2 -1.0 86.0 0 127 127 171 127 59 85 255 0 0 255 37.969821 23.740478 154.0 154.0 15.6 
20:08:51.116 91.0 7.3 2.9 1.8 235.0 164.1 -79.8 155.2 -1.0 86.0 0 127 127 171 127 59 85 255 0 0 255 37.969821 23.740478 154.0 154.0 15.6 
20:08:51.626 91.0 7.3 3.3 1.8 235.0 163.8 -79.8 155.2 -1.0 86.0 0 127 127 171 127 59 85 255 0 0 255 37.969821 23.740478 154.0 154.0 15.6 
20:08:52.134 91.0 7.3 3.3 1.7 235.0 163.9 -79.8 155.2 -1.0 86.0 0 127 127 171 127 59 85 255 0 0 255 37.969821 23.740478 154.0 154.0 15.6 
20:08:52.641 91.0 7.3 3.3 1.9 235.0 163.4 -79.8 155.2 -1.0 86.0 0 127 127 171 127 59 85 255 0 0 255 37.969821 23.740478 154.0 154.0 15.6 
20:08:53.149 91.0 7.3 3.3 1.9 235.0 163.9 -79.8 155.2 -1.0 86.0 0 127 127 171 127 59 85 255 0 0 255 37.969821 23.740478 154.0 154.0 15.6 
20:08:53.657 91.0 7.3 3.3 1.8 235.0 163.1 -79.8 155.2 -1.0 86.0 0 127 127 171 127 59 85 255 0 0 255 37.969821 23.740478 154.0 154.0 15.6 
20:08:54.165 91.0 7.3 3.3 2.1 235.0 163.3 -79.8 155.2 -1.0 86.0 0 127 127 171 127 59 85 255 0 0 255 37.969821 23.740478 154.0 154.0 15.6 
20:08:54.675 89.0 7.3 3.3 1.9 235.0 163.7 -79.8 155.2 -1.0 86.0 0 127 127 171 127 59 85 255 0 0 255 37.969821 23.740478 154.0 154.0 15.6 
20:08:55.181 89.0 7.3 3.3 1.9 235.0 163.7 -79.8 155.2 -1.0 86.0 0 127 127 171 127 59 85 255 0 0 255 37.969821 23.740478 154.0 154.0 15.6 
20:08:55.690 91.0 7.3 3.3 2.0 236.0 163.3 -79.8 156.2 -2.0 86.0 0 127 127 171 127 59 85 255 0 0 255 37.969821 23.740478 154.0 154.0 15.6 
20:08:56.197 91.0 7.3 3.3 2.0 236.0 163.4 -79.8 156.2 -2.0 86.0 0 127 127 171 127 59 85 255 0 0 255 37.969821 23.740478 154.0 154.0 15.6 
20:08:56.705 91.0 7.3 3.4 1.8 236.0 163.3 -79.8 156.2 -2.0 86.0 0 127 127 171 127 59 85 255 0 0 255 37.969821 23.740478 154.0 154.0 15.6 
20:08:57.214 91.0 7.3 3.3 1.9 236.0 163.1 -79.8 156.2 -2.0 86.0 0 127 127 171 127 59 85 255 0 0 255 37.969821 23.740478 154.0 154.0 15.6 
20:08:57.722 91.0 7.3 7.8 1.2 236.0 161.9 -79.8 156.2 -2.0 86.0 35.0 127 127 175 127 59 85 255 0 0 255 37.969821 23.740478 154.0 154.0 15.6 
20:08:58.234 91.0 7.3 8.6 1.3 238.0 156.2 -79.8 158.2 -4.0 86.0 35.0 127 127 179 127 59 85 255 0 0 255 37.969821 23.740478 154.0 154.0 15.6 
20:08:58.743 86.0 7.2 6.8 1.3 241.0 156.3 -79.8 162.2 -8.0 88.0 35.0 127 127 179 127 59 85 255 0 0 255 37.969821 23.740478 154.0 154.0 15.6 
20:08:59.254 86.0 7.2 8.5 6.3 237.0 168.1 -79.8 158.2 -4.0 86.0 59.0 127 127 179 127 59 85 255 0 0 0 37.969821 23.740478 154.0 154.0 15.6 
20:08:59.762 47.0 6.7 14.1 0.4 238.0 160.3 -79.8 158.2 -4.0 86.0 59.0 127 127 179 127 59 85 255 0 0 0 37.969821 23.740478 154.0 154.0 15.6 
20:09:00.272 47.0 6.7 -0.3 1.7 241.0 149.9 -79.8 161.2 -7.0 87.0 0 127 127 179 127 59 85 255 0 0 255 37.969821 23.740478 154.0 154.0 15.6 
20:09:00.778 89.0 7.3 -5.6 2.8 239.0 161.1 -79.7 159.3 -5.0 86.0 0 127 127 179 127 59 85 255 0 0 255 37.969821 23.740478 154.0 154.0 15.6 
20:09:01.289 89.0 7.3 -4.4 1.9 240.0 164.8 -79.7 160.3 -6.0 87.0 0 127 127 179 127 59 85 255 0 0 255 37.969821 23.740478 154.0 154.0 15.6 
20:09:01.798 89.0 7.3 -4.4 3.0 238.0 164.9 -79.7 158.3 -25.0 108.0 0 127 127 179 127 59 85 255 0 0 255 37.969738 23.740497 132.5 132.5 7.0 
20:09:02.308 89.0 7.3 2.2 1.4 236.0 147.8 -79.7 156.3 -23.0 103.0 0 127 127 179 127 59 85 255 0 0 255 37.969738 23.740497 132.5 132.5 7.0 
20:09:02.817 89.0 7.3 2.9 1.4 236.0 146.4 -79.7 156.3 -23.0 103.0 0 127 127 179 127 59 85 255 0 0 255 37.969738 23.740497 132.5 132.5 7.0 
20:09:03.326 89.0 7.3 3.0 1.5 236.0 146.4 -79.7 156.3 -23.0 103.0 0 127 127 179 127 59 85 255 0 0 255 37.969738 23.740497 132.5 132.5 7.0 
20:09:03.833 89.0 7.3 3.0 1.6 236.0 147.7 -79.7 156.3 -23.0 103.0 0 127 127 179 127 59 85 255 0 0 255 37.969738 23.740497 132.5 132.5 7.0 
20:09:04.344 89.0 7.3 3.0 1.3 236.0 146.4 -79.7 156.3 -23.0 103.0 0 127 127 179 127 59 85 255 0 0 255 37.969738 23.740497 132.5 132.5 7.0 
20:09:04.852 91.0 7.3 3.1 1.2 236.0 149.6 -79.7 156.3 -24.0 105.0 0 127 127 179 127 59 85 255 0 0 255 37.969734 23.740499 132.3 132.3 6.8 
20:09:05.360 91.0 7.3 3.0 1.4 237.0 146.8 -79.7 157.3 -25.0 105.0 0 127 127 179 127 59 85 255 0 0 255 37.969734 23.740499 132.3 132.3 6.8 
20:09:05.870 91.0 7.3 3.0 1.6 237.0 146.6 -79.7 157.3 -25.0 106.0 0 127 127 179 127 59 85 255 0 0 255 37.969734 23.740499 132.3 132.3 6.8 
20:09:06.380 91.0 7.3 3.0 1.4 237.0 146.5 -79.7 157.3 -25.0 106.0 0 127 127 179 127 59 85 255 0 0 255 37.969734 23.740499 132.3 132.3 6.8 
20:09:06.887 91.0 7.3 3.0 1.5 237.0 146.4 -79.7 157.3 -25.0 106.0 0 127 127 179 127 59 85 255 0 0 255 37.969734 23.740499 132.3 132.3 6.8 
20:09:07.397 91.0 7.3 3.0 1.4 237.0 146.7 -79.7 157.3 -25.0 106.0 0 127 127 179 127 59 85 255 0 0 255 37.969734 23.740499 132.3 132.3 6.8 
20:09:07.904 91.0 7.3 3.0 1.5 237.0 147.1 -79.7 157.3 -25.0 106.0 0 127 127 179 127 59 85 255 0 0 255 37.969734 23.740499 132.3 132.3 6.8 
20:09:08.414 91.0 7.3 11.9 2.7 232.0 149.6 -79.7 153.3 -21.0 103.0 35.0 127 127 179 127 59 85 255 0 0 255 37.969734 23.740499 132.3 132.3 6.8 
20:09:08.922 74.0 7.0 9.0 1.6 219.0 134.1 -79.7 139.3 -7.0 87.0 35.0 127 127 179 127 59 85 255 0 0 255 37.969734 23.740499 132.3 132.3 6.8 
20:09:09.428 74.0 7.0 6.3 1.0 219.0 149.8 -79.7 139.3 -7.0 87.0 35.0 127 127 179 127 59 85 255 0 0 255 37.969734 23.740499 132.3 132.3 6.8 
20:09:09.935 74.0 7.0 7.7 -0.1 218.0 136.2 -79.7 138.3 -6.0 87.0 35.0 127 127 179 127 59 85 255 0 0 255 37.969734 23.740499 132.3 132.3 6.8 
20:09:10.447 74.0 7.0 5.9 -4.4 219.0 144.9 -79.7 139.3 -7.0 87.0 35.0 127 127 179 127 59 85 255 0 0 255 37.969734 23.740499 132.3 132.3 6.8 
20:09:10.955 84.0 7.2 -3.3 1.6 219.0 132.1 -79.7 139.3 -7.0 87.0 0 127 127 179 127 59 85 255 0 0 255 37.969734 23.740499 132.3 132.3 6.8 
20:09:11.462 84.0 7.2 -4.1 1.5 219.0 131.3 -79.7 139.3 -7.0 87.0 0 127 127 179 127 59 85 255 0 0 255 37.969734 23.740499 132.3 132.3 6.8 
20:09:11.973 91.0 7.3 3.5 0.7 219.0 121.8 -79.7 139.3 -7.0 87.0 0 127 127 179 127 59 85 255 0 0 255 37.969734 23.740499 132.3 132.3 6.8 
20:09:12.481 91.0 7.3 3.8 0.8 219.0 122.0 -79.7 139.3 -7.0 87.0 0 127 127 179 127 59 85 255 0 0 255 37.969734 23.740499 132.3 132.3 6.8 
20:09:12.990 91.0 7.3 3.8 0.6 219.0 122.3 -79.7 139.3 -25.0 106.0 0 127 127 179 127 59 85 255 0 0 255 37.969707 23.740516 113.4 113.4 3.8 
20:09:13.499 91.0 7.3 3.9 0.8 219.0 121.7 -79.7 139.3 -25.0 106.0 0 127 127 179 127 59 85 255 0 0 255 37.969707 23.740516 113.4 113.4 3.8 
20:09:14.006 89.0 7.3 3.9 0.7 220.0 121.5 -79.7 140.3 -26.0 106.0 0 127 127 179 127 59 85 255 0 0 255 37.969707 23.740516 113.4 113.4 3.8 
20:09:14.515 89.0 7.3 3.8 0.7 220.0 121.3 -79.7 140.3 -26.0 108.0 0 127 127 179 127 59 85 255 0 0 255 37.969707 23.740516 113.4 113.4 3.8 
20:09:15.022 89.0 7.3 3.9 0.6 220.0 119.0 -79.7 140.3 -26.0 108.0 0 127 127 179 127 59 85 255 0 0 255 37.969707 23.740516 113.4 113.4 3.8 
20:09:15.530 89.0 7.3 3.9 0.7 220.0 122.2 -79.7 140.3 -26.0 108.0 0 127 127 179 127 59 85 255 0 0 255 37.969707 23.740516 113.4 113.4 3.8 
20:09:16.039 91.0 7.3 3.9 0.7 220.0 121.9 -79.7 140.3 -26.0 108.0 0 127 127 179 127 59 85 255 0 0 255 37.969707 23.740516 113.4 113.4 3.8 
20:09:16.546 91.0 7.3 3.8 0.7 220.0 122.0 -79.7 140.3 -26.0 108.0 0 127 127 179 127 59 85 255 0 0 255 37.969707 23.740516 113.4 113.4 3.8 
20:09:17.055 91.0 7.3 3.9 0.7 220.0 122.0 -79.7 140.3 -26.0 108.0 0 127 127 179 127 59 85 255 0 0 255 37.969707 23.740516 113.4 113.4 3.8 
20:09:17.564 91.0 7.3 3.9 0.7 220.0 121.0 -79.7 140.3 -26.0 108.0 0 127 127 179 127 59 85 255 0 0 255 37.969707 23.740516 113.4 113.4 3.8 
20:09:18.074 91.0 7.3 3.8 0.8 220.0 121.3 -79.7 140.3 -26.0 108.0 0 127 127 179 127 59 85 255 0 0 255 37.969707 23.740516 113.4 113.4 3.8 
20:09:18.584 91.0 7.3 3.8 0.8 221.0 121.5 -79.7 141.3 -27.0 108.0 0 127 127 179 127 59 85 255 0 0 255 37.969707 23.740516 113.4 113.4 3.8 
20:09:19.092 91.0 7.3 9.8 2.4 206.0 101.9 -79.7 126.3 -12.0 93.0 35.0 127 127 179 127 59 85 255 0 0 255 37.969707 23.740516 113.4 113.4 3.8 
20:09:19.600 91.0 7.3 8.1 0.1 200.0 117.9 -79.7 120.3 -6.0 87.0 35.0 127 127 179 127 59 85 255 0 0 255 37.969707 23.740516 113.4 113.4 3.8 
20:09:20.108 84.0 7.2 6.5 -0.3 201.0 101.3 -79.7 121.3 -7.0 87.0 35.0 127 127 179 127 59 85 255 0 0 255 37.969707 23.740516 113.4 113.4 3.8 
20:09:20.619 84.0 7.2 5.5 5.3 197.0 126.3 -66.0 132.0 -18.0 96.0 35.0 127 127 179 127 59 85 255 0 0 255 37.969707 23.740516 113.4 113.4 3.8 
20:09:21.129 84.0 7.2 1.5 0.1 184.0 125.0 -66.0 118.0 -4.0 86.0 0 127 127 179 127 59 85 255 0 0 255 37.969707 23.740516 113.4 113.4 3.8 
20:09:21.642 84.0 7.2 -3.9 -0.7 187.0 98.4 -66.0 121.0 -7.0 87.0 0 127 127 179 127 59 85 255 0 0 255 37.969707 23.740516 113.4 113.4 3.8 
20:09:22.148 89.0 7.3 -2.7 0.5 187.0 105.4 -66.0 121.0 -7.0 87.0 0 127 127 179 127 59 85 255 0 0 255 37.969707 23.740516 113.4 113.4 3.8 
20:09:22.656 89.0 7.3 3.7 -0.2 187.0 119.9 -66.0 121.0 -7.0 87.0 0 127 127 179 127 59 85 255 0 0 255 37.969707 23.740516 113.4 113.4 3.8 
20:09:23.164 89.0 7.3 3.9 -0.4 187.0 118.3 -66.0 121.0 -7.0 87.0 0 127 127 179 127 59 85 255 0 0 255 37.969707 23.740516 113.4 113.4 3.8 
20:09:23.672 89.0 7.3 3.9 -0.2 187.0 119.0 -66.0 121.0 -7.0 87.0 0 127 127 179 127 59 85 255 0 0 255 37.969707 23.740516 113.4 113.4 3.8 
20:09:24.178 91.0 7.3 3.9 -0.2 188.0 119.3 -66.0 122.0 -8.0 88.0 0 127 127 179 127 59 85 255 0 0 255 37.969707 23.740516 113.4 113.4 3.8 
20:09:24.689 91.0 7.3 3.9 -0.4 188.0 117.0 -66.0 122.0 -57.0 116.0 0 127 127 179 127 59 85 255 0 0 255 37.969688 23.740543 64.0 64.0 1.3 
20:09:25.198 89.0 7.3 3.8 -0.2 187.0 117.8 -66.0 121.0 -56.0 116.0 0 127 127 179 127 59 85 255 0 0 255 37.969688 23.740543 64.0 64.0 1.3 
20:09:25.708 89.0 7.3 3.9 -0.3 188.0 117.5 -66.0 122.0 -57.0 116.0 0 127 127 179 127 59 85 255 0 0 255 37.969688 23.740543 64.0 64.0 1.3 
20:09:26.219 91.0 7.3 3.8 -0.0 188.0 116.1 -66.0 122.0 -57.0 116.0 0 127 127 179 127 59 85 255 0 0 255 37.969688 23.740543 64.0 64.0 1.3 
20:09:26.728 91.0 7.3 3.9 -0.2 188.0 119.6 -66.0 122.0 -57.0 116.0 0 127 127 179 127 59 85 255 0 0 255 37.969688 23.740543 64.0 64.0 1.3 
20:09:27.237 89.0 7.3 3.9 -0.1 188.0 116.9 -66.0 122.0 -57.0 116.0 0 127 127 179 127 59 85 255 0 0 255 37.969688 23.740543 64.0 64.0 1.3 
20:09:27.744 89.0 7.3 4.0 -0.2 188.0 119.2 -66.0 122.0 -57.0 116.0 0 127 127 179 127 59 85 255 0 0 255 37.969688 23.740543 64.0 64.0 1.3 
20:09:28.252 91.0 7.3 3.9 -0.2 188.0 120.5 -66.0 122.0 -57.0 116.0 0 127 127 179 127 59 85 255 0 0 255 37.969688 23.740543 64.0 64.0 1.3 
20:09:28.761 91.0 7.3 3.8 -0.2 188.0 121.1 -66.0 122.0 -61.0 116.0 0 127 127 179 127 59 85 255 0 0 255 37.969688 23.740541 60.4 60.4 1.5 
20:09:29.269 91.0 7.3 7.5 1.4 186.0 97.0 -66.0 121.0 -60.0 116.0 35.0 127 127 179 127 59 85 255 0 0 255 37.969688 23.740541 60.4 60.4 1.5 
20:09:29.776 91.0 7.3 6.1 6.0 141.0 61.3 -66.0 77.0 -16.0 95.0 35.0 127 127 179 127 59 85 255 0 0 255 37.969688 23.740541 60.4 60.4 1.5 
20:09:30.283 84.0 7.2 6.1 -3.1 132.0 70.9 -66.0 66.0 -5.0 86.0 35.0 127 127 179 127 59 85 255 0 0 255 37.969688 23.740541 60.4 60.4 1.5 
20:09:30.794 84.0 7.2 5.8 -3.1 134.0 64.8 -66.0 68.0 -7.0 87.0 35.0 127 127 179 127 59 85 255 0 0 255 37.969688 23.740541 60.4 60.4 1.5 
20:09:31.301 86.0 7.2 4.1 0.2 134.0 78.2 -66.0 68.0 -7.0 87.0 35.0 127 127 179 127 59 85 255 0 0 255 37.969688 23.740541 60.4 60.4 1.5 
20:09:31.810 86.0 7.2 -2.2 -2.5 135.0 51.6 -66.0 69.0 -8.0 88.0 0 127 127 179 127 59 85 255 0 0 255 37.969688 23.740541 60.4 60.4 1.5 
20:09:32.319 89.0 7.3 -4.7 -0.3 133.0 59.8 -66.0 67.0 -6.0 87.0 0 127 127 179 127 59 85 255 0 0 255 37.969688 23.740541 60.4 60.4 1.5 
20:09:32.826 89.0 7.3 -4.7 -0.4 134.0 37.8 -66.0 68.0 -7.0 87.0 0 127 127 179 127 59 85 255 0 0 255 37.969688 23.740541 60.4 60.4 1.5 
20:09:33.335 89.0 7.3 1.1 -0.6 134.0 37.6 -66.0 68.0 -7.0 87.0 0 127 127 179 127 59 85 255 0 0 255 37.969688 23.740541 60.4 60.4 1.5 
20:09:33.842 89.0 7.3 1.8 -0.5 134.0 36.4 -66.0 68.0 -7.0 87.0 0 127 127 179 127 59 85 255 0 0 255 37.969688 23.740541 60.4 60.4 1.5 
20:09:34.349 89.0 7.3 1.9 -0.7 134.0 37.3 -66.0 68.0 -7.0 87.0 0 127 127 179 127 59 85 255 0 0 255 37.969688 23.740541 60.4 60.4 1.5 
20:09:34.855 89.0 7.3 2.0 -0.7 134.0 39.3 -66.0 68.0 157.0 56.0 0 127 127 179 127 59 85 255 0 0 255 37.969707 23.740571 225.2 225.2 1.9 
20:09:35.365 89.0 7.3 1.9 -0.4 134.0 37.9 -66.0 68.0 157.0 56.0 0 127 127 179 127 59 85 255 0 0 255 37.969707 23.740571 225.2 225.2 1.9 
20:09:35.872 89.0 7.3 2.1 -0.7 135.0 38.9 -66.0 69.0 156.0 56.0 0 127 127 179 127 59 85 255 0 0 255 37.969707 23.740571 225.2 225.2 1.9 
20:09:36.381 89.0 7.3 1.9 -0.5 135.0 39.2 -66.0 69.0 156.0 56.0 0 127 127 179 127 59 85 255 0 0 255 37.969707 23.740571 225.2 225.2 1.9 
20:09:36.891 89.0 7.3 1.9 -0.5 135.0 38.8 -66.0 69.0 156.0 56.0 0 127 127 179 127 59 85 255 0 0 255 37.969707 23.740571 225.2 225.2 1.9 
20:09:37.400 88.0 7.2 2.0 -0.7 135.0 37.1 -66.0 69.0 156.0 56.0 0 127 127 179 127 59 85 255 0 0 255 37.969707 23.740571 225.2 225.2 1.9 
20:09:37.907 88.0 7.2 2.0 -0.7 135.0 38.5 -66.0 69.0 156.0 56.0 0 127 127 179 127 59 85 255 0 0 255 37.969707 23.740571 225.2 225.2 1.9 
20:09:38.416 88.0 7.2 2.0 -0.5 135.0 38.2 -66.0 69.0 156.0 56.0 0 127 127 179 127 59 85 255 0 0 255 37.969707 23.740571 225.2 225.2 1.9 
20:09:38.924 88.0 7.2 1.9 -0.6 135.0 38.5 -66.0 69.0 156.0 56.0 0 127 127 179 127 59 85 255 0 0 255 37.969707 23.740571 225.2 225.2 1.9 
20:09:39.431 88.0 7.2 2.0 -0.6 135.0 38.9 -66.0 69.0 156.0 56.0 0 127 127 179 127 59 85 255 0 0 255 37.969707 23.740571 225.2 225.2 1.9 
20:09:39.938 88.0 7.2 12.0 -4.3 143.0 42.8 -66.0 76.0 137.0 56.0 35.0 127 127 179 127 59 85 255 0 0 255 37.969707 23.740568 213.4 213.4 1.8 
20:09:40.447 74.0 7.0 5.6 -10.8 191.0 84.9 -66.0 124.0 89.0 56.0 35.0 127 127 179 127 59 85 255 0 0 255 37.969707 23.740568 213.4 213.4 1.8 
20:09:40.956 74.0 7.0 2.5 -11.3 253.0 151.3 -66.0 186.0 27.0 56.0 35.0 127 127 179 127 59 85 255 0 0 255 37.969707 23.740568 213.4 213.4 1.8 
20:09:41.465 82.0 7.2 6.3 1.9 280.0 178.8 -66.0 214.0 0 86.0 35.0 127 127 179 127 59 85 255 0 0 255 37.969707 23.740568 213.4 213.4 1.8 
20:09:41.974 82.0 7.2 5.9 3.8 279.0 195.8 -66.0 213.0 0 86.0 35.0 127 127 179 127 59 85 255 0 0 255 37.969707 23.740568 213.4 213.4 1.8 
20:09:42.481 82.0 7.2 -3.6 2.3 278.0 198.8 -66.0 212.0 1.0 86.0 0 127 127 179 127 59 85 255 0 0 255 37.969707 23.740568 213.4 213.4 1.8 
20:09:42.991 82.0 7.2 -4.4 3.0 279.0 185.3 -66.0 213.0 0 86.0 0 127 127 179 127 59 85 255 0 0 255 37.969707 23.740568 213.4 213.4 1.8 
20:09:43.499 89.0 7.3 2.9 2.3 279.0 205.3 -66.0 213.0 0 86.0 0 127 127 179 127 59 85 255 0 0 255 37.969707 23.740568 213.4 213.4 1.8 
20:09:44.011 89.0 7.3 3.5 2.3 279.0 207.2 -66.0 213.0 86.0 56.0 0 127 127 179 127 59 85 255 0 0 255 37.969688 23.740568 299.6 299.6 1.2 
20:09:44.519 88.0 7.2 3.6 2.1 279.0 206.7 -66.0 213.0 86.0 56.0 0 127 127 179 127 59 85 255 0 0 255 37.969688 23.740568 299.6 299.6 1.2 
20:09:45.029 88.0 7.2 3.6 2.3 279.0 206.9 -66.0 213.0 86.0 56.0 0 127 127 179 127 59 85 255 0 0 255 37.969688 23.740568 299.6 299.6 1.2 
20:09:45.535 88.0 7.2 3.6 2.3 280.0 206.8 -66.0 214.0 85.0 56.0 0 127 127 179 127 59 85 255 0 0 255 37.969688 23.740568 299.6 299.6 1.2 
20:09:46.042 88.0 7.2 3.6 2.3 280.0 206.0 -66.0 214.0 85.0 56.0 0 127 127 179 127 59 85 255 0 0 255 37.969688 23.740568 299.6 299.6 1.2 
20:09:46.549 89.0 7.3 3.6 2.4 280.0 208.1 -66.0 214.0 85.0 56.0 0 127 127 179 127 59 85 255 0 0 255 37.969688 23.740568 299.6 299.6 1.2 
20:09:47.056 89.0 7.3 3.6 2.4 280.0 205.9 -66.0 214.0 85.0 56.0 0 127 127 179 127 59 85 255 0 0 255 37.969688 23.740568 299.6 299.6 1.2 
20:09:47.566 89.0 7.3 3.6 2.3 280.0 207.4 -66.0 214.0 85.0 56.0 0 127 127 179 127 59 85 255 0 0 255 37.969688 23.740568 299.6 299.6 1.2 
20:09:48.075 89.0 7.3 3.6 2.2 280.0 207.3 -66.0 214.0 85.0 56.0 0 127 127 179 127 59 85 255 0 0 255 37.969688 23.740568 299.6 299.6 1.2 
20:09:48.582 89.0 7.3 3.7 2.2 280.0 206.7 -66.0 214.0 85.0 56.0 0 127 127 179 127 59 85 255 0 0 255 37.969688 23.740568 299.6 299.6 1.2 
20:09:49.091 89.0 7.3 3.6 2.3 280.0 206.3 -66.0 214.0 85.0 56.0 0 127 127 179 127 59 85 255 0 0 255 37.969688 23.740568 299.6 299.6 1.2 
20:09:49.599 88.0 7.2 3.6 2.4 281.0 207.2 -66.0 215.0 84.0 56.0 0 127 127 179 127 59 85 255 0 0 255 37.969688 23.740568 299.6 299.6 1.2 
20:09:50.108 88.0 7.2 3.5 2.4 281.0 192.4 -66.0 215.0 84.0 56.0 35.0 127 127 179 127 59 85 255 0 0 255 37.969688 23.740568 299.6 299.6 1.2 
20:09:50.617 82.0 7.2 8.2 -3.8 308.0 214.2 -66.0 241.0 58.0 56.0 35.0 127 127 179 127 59 85 255 0 0 255 37.969688 23.740568 299.6 299.6 1.2 
20:09:51.124 82.0 7.2 4.5 -5.1 1.0 266.6 -66.0 294.0 5.0 85.0 35.0 127 127 179 127 59 85 255 0 0 255 37.969688 23.740568 299.6 299.6 1.2 
20:09:51.634 82.0 7.2 5.1 3.0 2.0 269.2 -66.0 296.0 3.0 86.0 35.0 127 127 179 127 59 85 255 0 0 255 37.969688 23.740568 299.6 299.6 1.2 
20:09:52.143 82.0 7.2 6.5 2.3 360.0 275.1 -66.0 294.0 5.0 86.0 35.0 127 127 179 127 59 85 255 0 0 255 37.969688 23.740568 299.6 299.6 1.2 
20:09:52.650 82.0 7.2 1.4 2.4 358.0 263.5 -66.0 292.0 7.0 85.0 0 127 127 179 127 59 85 255 0 0 255 37.969688 23.740568 299.6 299.6 1.2 
20:09:53.157 82.0 7.2 -5.3 3.6 360.0 249.1 -66.0 294.0 5.0 86.0 0 127 127 179 127 59 85 255 0 0 255 37.969688 23.740568 299.6 299.6 1.2 
20:09:53.664 89.0 7.3 -4.8 0.9 359.0 240.2 -66.0 293.0 6.0 85.0 0 127 127 179 127 59 85 255 0 0 255 37.969688 23.740568 299.6 299.6 1.2 
20:09:54.172 89.0 7.3 -4.0 2.4 359.0 260.0 -66.0 293.0 6.0 85.0 0 127 127 179 127 59 85 255 0 0 255 37.969688 23.740568 299.6 299.6 1.2 
20:09:54.682 89.0 7.3 -4.2 3.1 359.0 259.2 -66.0 293.0 6.0 85.0 0 127 127 179 127 59 85 255 0 0 255 37.969688 23.740568 299.6 299.6 1.2 
20:09:55.191 89.0 7.3 -0.2 2.7 360.0 260.3 -66.0 294.0 5.0 86.0 0 127 127 179 127 59 85 255 0 0 255 37.969688 23.740568 299.6 299.6 1.2 
20:09:55.700 91.0 7.3 0.5 2.7 360.0 259.4 -66.0 294.0 5.0 86.0 0 127 127 179 127 59 85 255 0 0 255 37.969688 23.740568 299.6 299.6 1.2 
20:09:56.209 91.0 7.3 0.5 2.8 360.0 260.7 -66.0 294.0 5.0 86.0 0 127 127 179 127 59 85 255 0 0 255 37.969688 23.740568 299.6 299.6 1.2 
20:09:56.718 91.0 7.3 0.5 2.7 360.0 259.6 -66.0 294.0 5.0 86.0 0 127 127 179 127 59 85 255 0 0 255 37.969688 23.740568 299.6 299.6 1.2 
20:09:57.225 91.0 7.3 0.4 2.8 360.0 260.9 -66.0 294.0 5.0 86.0 0 127 127 179 127 59 85 255 0 0 255 37.969688 23.740568 299.6 299.6 1.2 
20:09:57.732 89.0 7.3 0.5 2.8 360.0 260.9 -66.0 294.0 5.0 86.0 0 127 127 179 127 59 85 255 0 0 255 37.969688 23.740568 299.6 299.6 1.2 
20:09:58.240 89.0 7.3 0.5 2.8 360.0 260.5 -66.0 294.0 5.0 86.0 0 127 127 179 127 59 85 255 0 0 255 37.969688 23.740568 299.6 299.6 1.2 
20:09:58.749 91.0 7.3 0.4 2.9 360.0 259.8 -66.0 294.0 5.0 86.0 0 127 127 179 127 59 85 255 0 0 255 37.969688 23.740568 299.6 299.6 1.2 
20:09:59.257 91.0 7.3 0.5 2.8 360.0 260.3 -66.0 294.0 5.0 86.0 0 127 127 179 127 59 85 255 0 0 255 37.969688 23.740568 299.6 299.6 1.2 
20:09:59.766 91.0 7.3 0.6 2.4 0 263.0 -66.0 294.0 178.0 56.0 0 127 127 179 127 59 85 255 0 0 255 37.969707 23.740512 111.6 111.6 4.1 
20:10:00.274 91.0 7.3 0.5 2.7 0 260.5 -66.0 294.0 178.0 56.0 0 127 127 179 127 59 85 255 0 0 255 37.969707 23.740512 111.6 111.6 4.1 
20:10:00.785 88.0 7.2 6.7 4.9 358.0 263.9 265.7 264.7 -153.0 116.0 35.0 127 127 179 127 59 85 255 0 0 255 37.969707 23.740512 111.6 111.6 4.1 
20:10:01.293 88.0 7.2 3.1 13.8 301.0 210.8 265.7 208.7 -97.0 116.0 35.0 127 127 179 127 59 85 255 0 0 255 37.969707 23.740512 111.6 111.6 4.1 
20:10:01.800 82.0 7.2 1.8 17.6 226.0 125.9 265.7 133.7 -22.0 110.0 35.0 127 127 179 127 59 85 255 0 0 255 37.969707 23.740512 111.6 111.6 4.1 
20:10:02.312 82.0 7.2 4.8 -0.3 203.0 107.7 265.7 108.7 2.0 86.0 35.0 127 127 179 127 59 85 255 0 0 255 37.969707 23.740512 111.6 111.6 4.1 
20:10:02.820 84.0 7.2 5.4 -1.8 205.0 115.8 265.7 109.7 1.0 86.0 35.0 127 127 179 127 59 85 255 0 0 255 37.969707 23.740512 111.6 111.6 4.1 
20:10:03.329 84.0 7.2 -2.1 -0.2 207.0 112.8 265.7 112.7 -1.0 86.0 0 127 127 179 127 59 85 255 0 0 255 37.969707 23.740512 111.6 111.6 4.1 
20:10:03.839 89.0 7.3 -4.2 0.4 208.0 119.4 265.7 113.7 -2.0 86.0 0 127 127 179 127 59 85 255 0 0 255 37.969707 23.740512 111.6 111.6 4.1 
20:10:04.347 89.0 7.3 3.0 -0.2 208.0 121.3 265.7 113.7 -2.0 86.0 0 127 127 179 127 59 85 255 0 0 255 37.969707 23.740512 111.6 111.6 4.1 
20:10:04.854 89.0 7.3 3.6 -0.4 208.0 118.6 265.7 113.7 -36.0 116.0 0 127 127 179 127 59 85 255 0 0 255 37.969688 23.740528 77.2 77.2 2.6 
20:10:05.362 89.0 7.3 3.8 -0.4 208.0 121.5 265.7 113.7 -36.0 116.0 0 127 127 179 127 59 85 255 0 0 255 37.969688 23.740528 77.2 77.2 2.6 
20:10:05.869 89.0 7.3 3.9 -0.2 208.0 119.7 265.7 113.7 -36.0 116.0 0 127 127 179 127 59 85 255 0 0 255 37.969688 23.740528 77.2 77.2 2.6 
20:10:06.376 89.0 7.3 3.7 -0.1 208.0 120.6 265.7 113.7 -36.0 116.0 0 127 127 179 127 59 85 255 0 0 255 37.969688 23.740528 77.2 77.2 2.6 
20:10:06.891 89.0 7.3 3.8 -0.4 208.0 120.9 265.7 113.7 -36.0 116.0 0 127 127 179 127 59 85 255 0 0 255 37.969688 23.740528 77.2 77.2 2.6 
20:10:07.398 89.0 7.3 3.7 -0.4 208.0 120.2 265.7 113.7 -36.0 116.0 0 127 127 179 127 59 85 255 0 0 255 37.969688 23.740528 77.2 77.2 2.6 
20:10:07.908 89.0 7.3 3.8 -0.4 209.0 118.7 265.7 114.7 -37.0 116.0 0 127 127 179 127 59 85 255 0 0 255 37.969688 23.740528 77.2 77.2 2.6 
20:10:08.415 89.0 7.3 3.8 -0.3 209.0 121.3 265.7 114.7 -37.0 116.0 0 127 127 179 127 59 85 255 0 0 255 37.969688 23.740528 77.2 77.2 2.6 
20:10:08.924 89.0 7.3 3.7 -0.3 209.0 120.2 265.7 114.7 -37.0 116.0 0 127 127 179 127 59 85 255 0 0 255 37.969688 23.740528 77.2 77.2 2.6 
20:10:09.434 89.0 7.3 3.8 -0.3 209.0 120.6 265.7 114.7 -37.0 116.0 0 127 127 179 127 59 85 255 0 0 255 37.969688 23.740528 77.2 77.2 2.6 
20:10:09.941 89.0 7.3 3.8 -0.2 209.0 121.7 265.7 114.7 -37.0 116.0 0 127 127 179 127 59 85 255 0 0 255 37.969688 23.740528 77.2 77.2 2.6 
20:10:10.448 89.0 7.3 3.8 -0.3 209.0 121.6 265.7 114.7 -37.0 116.0 0 127 127 179 127 59 85 255 0 0 255 37.969688 23.740528 77.2 77.2 2.6 
20:10:10.957 89.0 7.3 3.8 -0.5 209.0 120.8 -88.5 120.5 -54.0 116.0 0 127 127 179 127 59 85 255 0 0 255 37.969684 23.740528 65.6 65.6 2.8 
20:10:11.466 89.0 7.3 13.4 2.7 199.0 114.1 -88.5 111.5 -45.0 116.0 35.0 127 127 179 127 59 85 255 0 0 255 37.969684 23.740528 65.6 65.6 2.8 
20:10:11.973 75.0 7.1 6.5 -1.3 159.0 87.2 -88.5 70.5 -4.0 86.0 35.0 127 127 179 127 59 85 255 0 0 255 37.969684 23.740528 65.6 65.6 2.8 
20:10:12.483 75.0 7.1 5.7 -2.0 161.0 69.0 -88.5 72.5 -6.0 87.0 35.0 127 127 179 127 59 85 255 0 0 255 37.969684 23.740528 65.6 65.6 2.8 
20:10:12.992 84.0 7.2 5.2 -1.6 160.0 87.9 -88.5 71.5 -5.0 86.0 35.0 127 127 179 127 59 85 255 0 0 255 37.969684 23.740528 65.6 65.6 2.8 
20:10:13.505 84.0 7.2 2.4 -1.7 161.0 48.8 -88.5 72.5 -6.0 87.0 35.0 127 127 179 127 59 85 255 0 0 255 37.969684 23.740528 65.6 65.6 2.8 
20:10:14.015 84.0 7.2 -3.7 -1.3 161.0 73.3 -88.5 72.5 -6.0 87.0 0 127 127 179 127 59 85 255 0 0 255 37.969684 23.740528 65.6 65.6 2.8 
20:10:14.523 84.0 7.2 -4.4 -1.6 160.0 94.6 -88.5 71.5 -5.0 86.0 0 127 127 179 127 59 85 255 0 0 255 37.969684 23.740528 65.6 65.6 2.8 
20:10:15.033 89.0 7.3 -3.7 -1.1 161.0 99.0 -88.5 72.5 -6.0 87.0 0 127 127 179 127 59 85 255 0 0 255 37.969684 23.740528 65.6 65.6 2.8 
20:10:15.539 89.0 7.3 1.7 -1.4 161.0 98.2 -88.5 72.5 -6.0 87.0 0 127 127 179 127 59 85 255 0 0 255 37.969684 23.740528 65.6 65.6 2.8 
20:10:16.046 89.0 7.3 1.8 -1.5 161.0 99.2 -88.5 72.5 -6.0 87.0 0 127 127 179 127 59 85 255 0 0 255 37.969684 23.740528 65.6 65.6 2.8 
20:10:16.555 89.0 7.3 1.9 -1.6 161.0 97.6 -88.5 72.5 -6.0 87.0 0 127 127 179 127 59 85 255 0 0 255 37.969684 23.740528 65.6 65.6 2.8 
20:10:17.064 91.0 7.3 1.9 -1.6 161.0 98.5 -88.5 72.5 -6.0 87.0 0 127 127 179 127 59 85 255 0 0 255 37.969684 23.740528 65.6 65.6 2.8 
20:10:17.571 91.0 7.3 1.8 -1.5 161.0 98.0 -88.5 72.5 -6.0 87.0 0 127 127 179 127 59 85 255 0 0 255 37.969684 23.740528 65.6 65.6 2.8 
20:10:18.079 89.0 7.3 1.9 -1.5 161.0 97.8 -88.5 72.5 -6.0 87.0 0 127 127 179 127 59 85 255 0 0 255 37.969684 23.740528 65.6 65.6 2.8 
20:10:18.588 89.0 7.3 1.8 -1.4 161.0 96.9 -88.5 72.5 -6.0 87.0 0 127 127 179 127 59 85 255 0 0 255 37.969684 23.740528 65.6 65.6 2.8 
20:10:19.097 91.0 7.3 1.9 -1.7 161.0 96.4 -88.5 72.5 -6.0 87.0 0 127 127 179 127 59 85 255 0 0 255 37.969684 23.740528 65.6 65.6 2.8 
20:10:19.604 91.0 7.3 1.8 -1.5 161.0 96.9 -88.5 72.5 -133.0 116.0 0 127 127 179 127 59 85 255 0 0 255 37.969688 23.740568 299.6 299.6 1.2 
20:10:20.114 89.0 7.3 1.9 -1.6 161.0 98.2 -88.5 72.5 -133.0 116.0 0 127 127 179 127 59 85 255 0 0 255 37.969688 23.740568 299.6 299.6 1.2 
20:10:20.623 89.0 7.3 1.9 -1.6 161.0 95.5 -63.7 97.3 -158.0 116.0 0 127 127 179 127 59 85 255 0 0 255 37.969688 23.740568 299.6 299.6 1.2 
20:10:21.130 91.0 7.3 1.9 -1.6 162.0 99.3 -63.7 98.3 -159.0 116.0 0 127 127 179 127 59 85 255 0 0 255 37.969688 23.740568 299.6 299.6 1.2 
20:10:21.638 91.0 7.3 3.0 -0.9 162.0 85.0 -63.7 98.3 -159.0 116.0 35.0 127 127 179 127 59 85 255 0 0 255 37.969688 23.740568 299.6 299.6 1.2 
20:10:22.147 58.0 6.8 5.3 8.8 120.0 65.1 -63.7 58.3 -119.0 116.0 35.0 127 127 179 127 59 85 255 0 0 255 37.969688 23.740568 299.6 299.6 1.2 
20:10:22.654 58.0 6.8 -0.5 18.7 41.0 327.5 -63.7 339.3 -39.0 116.0 35.0 127 127 179 127 59 85 255 0 0 255 37.969688 23.740568 299.6 299.6 1.2 
20:10:23.163 86.0 7.2 2.4 6.5 358.0 231.3 -63.7 294.3 5.0 86.0 35.0 127 127 179 127 59 85 255 0 0 255 37.969688 23.740568 299.6 299.6 1.2 
20:10:23.673 86.0 7.2 3.6 2.0 360.0 253.1 -63.7 296.3 64.0 56.0 35.0 127 127 179 127 59 85 255 0 0 255 37.969696 23.740556 0 0 0 
20:10:24.180 82.0 7.2 -5.2 -19.4 71.0 346.2 -63.7 7.3 -7.0 86.0 0 127 127 179 127 59 85 255 0 0 255 37.969696 23.740556 0 0 0 
20:10:24.691 82.0 7.2 -5.7 0.1 68.0 336.0 -63.7 4.3 -4.0 86.0 0 127 127 179 127 59 85 255 0 0 255 37.969696 23.740556 0 0 0 
20:10:25.199 89.0 7.3 -3.8 -0.8 69.0 337.2 -63.7 5.3 -5.0 86.0 0 127 127 179 127 59 85 255 0 0 255 37.969696 23.740556 0 0 0 
20:10:25.708 89.0 7.3 -4.8 0.1 69.0 351.5 -63.7 5.3 -5.0 86.0 0 127 127 179 127 59 85 255 0 0 255 37.969696 23.740556 0 0 0 
20:10:26.216 89.0 7.3 -5.0 -0.0 69.0 343.5 -63.7 5.3 -5.0 86.0 0 127 127 179 127 59 85 255 0 0 255 37.969696 23.740556 0 0 0 
20:10:26.728 89.0 7.3 -1.1 -0.3 69.0 351.8 -63.7 5.3 -5.0 86.0 0 127 127 179 127 59 85 255 0 0 255 37.969696 23.740556 0 0 0 
20:10:27.236 89.0 7.3 -0.7 -0.2 69.0 351.8 -63.7 5.3 -5.0 86.0 0 127 127 179 127 59 85 255 0 0 255 37.969696 23.740556 0 0 0 
20:10:27.745 89.0 7.3 -0.7 -0.2 69.0 351.6 -63.7 5.3 -5.0 86.0 0 127 127 179 127 59 85 255 0 0 255 37.969696 23.740556 0 0 0 
20:10:28.252 91.0 7.3 -0.7 -0.3 69.0 351.3 -63.7 5.3 -5.0 86.0 0 127 127 179 127 59 85 255 0 0 255 37.969696 23.740556 0 0 0 
20:10:28.760 91.0 7.3 -0.6 -0.4 69.0 352.6 -63.7 5.3 -5.0 86.0 0 127 127 179 127 59 85 255 0 0 255 37.969696 23.740556 0 0 0 
20:10:29.267 89.0 7.3 -0.8 0.1 69.0 352.2 -63.7 5.3 -5.0 86.0 0 127 127 179 127 59 85 255 0 0 255 37.969696 23.740556 0 0 0 
20:10:29.773 89.0 7.3 -0.6 -0.2 69.0 352.2 -63.7 5.3 -5.0 86.0 0 127 127 179 127 59 85 255 0 0 255 37.969696 23.740556 0 0 0 
20:10:30.283 91.0 7.3 -0.7 -0.2 70.0 353.8 -63.7 6.3 -6.0 87.0 0 127 127 179 127 59 85 255 0 0 255 37.969696 23.740556 0 0 0 
20:10:30.792 91.0 7.3 -0.6 -0.3 70.0 354.2 281.8 351.8 170.0 56.0 0 127 127 179 127 59 85 255 0 0 255 37.969722 23.740543 161.1 161.1 3.6 
20:10:31.300 89.0 7.3 -0.6 -0.3 70.0 354.8 281.8 351.8 170.0 56.0 0 127 127 179 127 59 85 255 0 0 255 37.969722 23.740543 161.1 161.1 3.6 
20:10:31.807 89.0 7.3 -0.6 -0.3 70.0 351.9 281.8 351.8 170.0 56.0 0 127 127 179 127 59 85 255 0 0 255 37.969722 23.740543 161.1 161.1 3.6 
20:10:32.315 88.0 7.2 7.1 -1.8 73.0 358.8 281.8 354.8 167.0 56.0 35.0 127 127 179 127 59 85 255 0 0 255 37.969722 23.740543 161.1 161.1 3.6 
20:10:32.821 88.0 7.2 3.2 -12.5 122.0 69.2 281.8 42.8 118.0 56.0 35.0 127 127 179 127 59 85 255 0 0 255 37.969722 23.740543 161.1 161.1 3.6 
20:10:33.332 81.0 7.1 1.0 -16.9 192.0 103.2 281.8 111.8 49.0 56.0 35.0 127 127 179 127 59 85 255 0 0 255 37.969722 23.740543 161.1 161.1 3.6 
20:10:33.841 81.0 7.1 4.1 -4.5 241.0 145.8 281.8 162.8 -1.0 86.0 35.0 127 127 179 127 59 85 255 0 0 255 37.969722 23.740543 161.1 161.1 3.6 
20:10:34.350 84.0 7.2 4.9 2.0 239.0 144.0 281.8 160.8 0 86.0 35.0 127 127 179 127 59 85 255 0 0 255 37.969722 23.740543 161.1 161.1 3.6 
20:10:34.858 84.0 7.2 -3.0 2.7 237.0 147.5 281.8 158.8 2.0 86.0 0 127 127 179 127 59 85 255 0 0 255 37.969722 23.740543 161.1 161.1 3.6 
20:10:35.365 89.0 7.3 -4.7 2.7 237.0 149.9 281.8 158.8 2.0 86.0 0 127 127 179 127 59 85 255 0 0 255 37.969722 23.740543 161.1 161.1 3.6 
20:10:35.874 89.0 7.3 2.6 1.5 237.0 154.9 281.8 158.8 2.0 86.0 0 127 127 179 127 59 85 255 0 0 255 37.969722 23.740543 161.1 161.1 3.6 
20:10:36.383 89.0 7.3 3.1 1.6 237.0 153.9 281.8 158.8 2.0 86.0 0 127 127 179 127 59 85 255 0 0 255 37.969722 23.740543 161.1 161.1 3.6 
20:10:36.892 89.0 7.3 3.2 1.6 237.0 154.4 281.8 158.8 2.0 86.0 0 127 127 179 127 59 85 255 0 0 255 37.969722 23.740543 161.1 161.1 3.6 
20:10:37.401 89.0 7.3 3.2 1.5 238.0 155.1 281.8 159.8 1.0 86.0 0 127 127 179 127 59 85 255 0 0 255 37.969722 23.740543 161.1 161.1 3.6 
20:10:37.911 89.0 7.3 3.0 1.7 238.0 151.7 281.8 159.8 40.0 56.0 0 127 127 179 127 59 85 255 0 0 255 37.969703 23.740562 200.7 200.7 1.4 
20:10:38.420 88.0 7.2 3.3 1.6 238.0 155.4 281.8 159.8 40.0 56.0 0 127 127 179 127 59 85 255 0 0 255 37.969703 23.740562 200.7 200.7 1.4 
20:10:38.931 88.0 7.2 3.2 1.7 238.0 153.3 281.8 159.8 40.0 56.0 0 127 127 179 127 59 85 255 0 0 255 37.969703 23.740562 200.7 200.7 1.4 
20:10:39.440 88.0 7.2 3.3 1.4 238.0 156.1 281.8 159.8 40.0 56.0 0 127 127 179 127 59 85 255 0 0 255 37.969703 23.740562 200.7 200.7 1.4 
20:10:39.946 88.0 7.2 3.3 1.6 238.0 153.1 281.8 159.8 40.0 56.0 0 127 127 179 127 59 85 255 0 0 255 37.969703 23.740562 200.7 200.7 1.4 
20:10:40.455 88.0 7.2 3.3 1.4 239.0 152.5 281.8 160.8 39.0 56.0 0 127 127 179 127 59 85 255 0 0 255 37.969703 23.740562 200.7 200.7 1.4 
20:10:40.964 88.0 7.2 3.3 1.4 239.0 153.9 -81.7 157.3 43.0 56.0 0 127 127 179 127 59 85 255 0 0 255 37.969703 23.740562 200.7 200.7 1.4 
20:10:41.473 89.0 7.3 3.2 1.6 239.0 154.4 -81.7 157.3 43.0 56.0 0 127 127 179 127 59 85 255 0 0 255 37.969703 23.740562 200.7 200.7 1.4 
20:10:41.982 89.0 7.3 3.2 1.5 239.0 154.0 -81.7 157.3 43.0 56.0 0 127 127 179 127 59 85 255 0 0 255 37.969703 23.740562 200.7 200.7 1.4 
20:10:42.488 88.0 7.2 3.3 1.5 239.0 151.8 -81.7 157.3 43.0 56.0 0 127 127 179 127 59 85 255 0 0 255 37.969703 23.740562 200.7 200.7 1.4 
20:10:42.997 88.0 7.2 11.0 -2.3 246.0 152.3 -81.7 163.3 37.0 56.0 35.0 127 127 179 127 59 85 255 0 0 255 37.969703 23.740562 200.7 200.7 1.4 
20:10:43.505 49.0 6.7 7.0 -0.9 277.0 196.0 -81.7 195.3 5.0 86.0 35.0 127 127 179 127 59 85 255 0 0 255 37.969703 23.740562 200.7 200.7 1.4 
20:10:44.012 49.0 6.7 6.9 2.8 276.0 161.3 -81.7 195.3 5.0 86.0 35.0 127 127 179 127 59 85 255 0 0 255 37.969703 23.740562 200.7 200.7 1.4 
20:10:44.525 74.0 7.0 5.4 1.9 276.0 162.5 -81.7 194.3 6.0 85.0 35.0 127 127 179 127 59 85 255 0 0 255 37.969703 23.740562 200.7 200.7 1.4 
20:10:45.037 82.0 7.2 5.0 0.5 276.0 163.2 -81.7 194.3 6.0 85.0 35.0 127 127 179 127 59 85 255 0 0 255 37.969703 23.740562 200.7 200.7 1.4 
20:10:45.548 82.0 7.2 -3.3 2.6 277.0 161.4 -81.7 195.3 5.0 86.0 0 127 127 179 127 59 85 255 0 0 255 37.969703 23.740562 200.7 200.7 1.4 
20:10:46.056 89.0 7.3 -3.4 2.1 276.0 158.7 -81.7 194.3 6.0 85.0 0 127 127 179 127 59 85 255 0 0 255 37.969703 23.740562 200.7 200.7 1.4 
20:10:46.563 89.0 7.3 3.5 1.4 276.0 155.8 -81.7 194.3 6.0 85.0 0 127 127 179 127 59 85 255 0 0 255 37.969703 23.740562 200.7 200.7 1.4 
20:10:47.074 89.0 7.3 4.1 1.5 277.0 154.7 -81.7 195.3 154.0 56.0 0 127 127 179 127 59 85 255 0 0 255 37.969673 23.740560 350.0 350.0 1.9 
20:10:47.584 89.0 7.3 4.1 1.5 277.0 156.3 -81.7 195.3 154.0 56.0 0 127 127 179 127 59 85 255 0 0 255 37.969673 23.740560 350.0 350.0 1.9 
20:10:48.092 88.0 7.2 4.1 1.5 277.0 155.5 -81.7 195.3 154.0 56.0 0 127 127 179 127 59 85 255 0 0 255 37.969673 23.740560 350.0 350.0 1.9 
20:10:48.602 88.0 7.2 4.1 1.5 277.0 155.8 -81.7 195.3 154.0 56.0 0 127 127 179 127 59 85 255 0 0 255 37.969673 23.740560 350.0 350.0 1.9 
20:10:49.111 88.0 7.2 4.1 1.4 277.0 157.2 -81.7 195.3 154.0 56.0 0 127 127 179 127 59 85 255 0 0 255 37.969673 23.740560 350.0 350.0 1.9 
20:10:49.618 88.0 7.2 4.1 1.7 277.0 154.9 -81.7 195.3 154.0 56.0 0 127 127 179 127 59 85 255 0 0 255 37.969673 23.740560 350.0 350.0 1.9 
20:10:50.128 88.0 7.2 4.1 1.5 278.0 156.1 -81.7 196.3 153.0 56.0 0 127 127 179 127 59 85 255 0 0 255 37.969673 23.740560 350.0 350.0 1.9 
20:10:50.635 88.0 7.2 4.2 1.5 278.0 156.7 -121.1 156.9 -167.0 116.0 0 127 127 179 127 59 85 255 0 0 255 37.969673 23.740560 350.0 350.0 1.9 
20:10:51.144 89.0 7.3 4.1 1.3 278.0 156.4 -121.1 156.9 -167.0 116.0 0 127 127 179 127 59 85 255 0 0 255 37.969673 23.740560 350.0 350.0 1.9 
20:10:51.651 89.0 7.3 4.0 1.5 278.0 154.6 -121.1 156.9 -167.0 116.0 0 127 127 179 127 59 85 255 0 0 255 37.969673 23.740560 350.0 350.0 1.9 
20:10:52.159 89.0 7.3 4.1 1.5 278.0 157.1 -121.1 156.9 -167.0 116.0 0 127 127 179 127 59 85 255 0 0 255 37.969673 23.740560 350.0 350.0 1.9 
20:10:52.668 89.0 7.3 4.0 1.5 278.0 155.6 -121.1 156.9 -177.0 116.0 0 127 127 179 127 59 85 255 0 0 255 37.969673 23.740564 340.6 340.6 2.0 
20:10:53.176 89.0 7.3 4.2 1.5 278.0 157.0 -121.1 156.9 -177.0 116.0 35.0 127 127 179 127 59 85 255 0 0 255 37.969673 23.740564 340.6 340.6 2.0 
20:10:53.683 89.0 7.3 7.3 7.3 248.0 124.6 -121.1 128.9 -149.0 116.0 35.0 127 127 179 127 59 85 255 0 0 255 37.969673 23.740564 340.6 340.6 2.0 
20:10:54.189 61.0 6.9 4.1 10.2 188.0 74.5 -121.1 68.9 -89.0 116.0 35.0 127 127 179 127 59 85 255 0 0 255 37.969673 23.740564 340.6 340.6 2.0 
20:10:54.701 61.0 6.9 0.1 16.7 109.0 359.7 -121.1 349.9 -9.0 94.0 35.0 127 127 179 127 59 85 255 0 0 255 37.969673 23.740564 340.6 340.6 2.0 
20:10:55.212 60.0 6.8 3.5 -1.5 99.0 8.9 -121.1 337.9 2.0 86.0 35.0 127 127 179 127 59 85 255 0 0 255 37.969673 23.740564 340.6 340.6 2.0 
20:10:55.720 60.0 6.8 1.5 2.0 97.0 7.0 -121.1 335.9 4.0 86.0 0 127 127 179 127 59 85 255 0 0 255 37.969673 23.740564 340.6 340.6 2.0 
20:10:56.227 89.0 7.3 -6.8 -1.2 97.0 22.9 -121.1 335.9 4.0 86.0 0 127 127 179 127 59 85 255 0 0 255 37.969673 23.740564 340.6 340.6 2.0 
20:10:56.734 89.0 7.3 -5.0 -1.2 98.0 3.8 -121.1 336.9 3.0 86.0 0 127 127 179 127 59 85 255 0 0 255 37.969673 23.740564 340.6 340.6 2.0 
20:10:57.244 91.0 7.3 -5.1 -0.5 98.0 30.6 -121.1 336.9 3.0 86.0 0 127 127 179 127 59 85 255 0 0 255 37.969673 23.740564 340.6 340.6 2.0 
20:10:57.752 91.0 7.3 -4.3 -0.5 98.0 15.6 -121.1 336.9 3.0 86.0 0 127 127 179 127 59 85 255 0 0 255 37.969673 23.740564 340.6 340.6 2.0 
20:10:58.261 89.0 7.3 0.0 -0.8 98.0 14.2 -121.1 336.9 3.0 86.0 0 127 127 179 127 59 85 255 0 0 255 37.969673 23.740564 340.6 340.6 2.0 
20:10:58.771 89.0 7.3 0.3 -0.9 98.0 13.9 -121.1 336.9 -96.0 116.0 0 127 127 179 127 59 85 255 0 0 255 37.969703 23.740579 240.4 240.4 2.3 
20:10:59.277 89.0 7.3 0.3 -0.9 98.0 14.6 -121.1 336.9 -96.0 116.0 0 127 127 179 127 59 85 255 0 0 255 37.969703 23.740579 240.4 240.4 2.3 
20:10:59.785 89.0 7.3 0.3 -0.8 98.0 14.2 -121.1 336.9 -96.0 116.0 0 127 127 179 127 59 85 255 0 0 255 37.969703 23.740579 240.4 240.4 2.3 
20:11:00.295 89.0 7.3 0.3 -0.8 98.0 14.5 -121.1 336.9 -96.0 116.0 0 127 127 179 127 59 85 255 0 0 255 37.969703 23.740579 240.4 240.4 2.3 
20:11:00.805 89.0 7.3 0.3 -0.8 98.0 14.2 -84.7 13.3 -133.0 116.0 0 127 127 179 127 59 85 255 0 0 255 37.969703 23.740579 240.4 240.4 2.3 
20:11:01.312 89.0 7.3 0.3 -0.8 99.0 13.5 -84.7 14.3 -134.0 116.0 0 127 127 179 127 59 85 255 0 0 255 37.969703 23.740579 240.4 240.4 2.3 
20:11:01.824 89.0 7.3 0.3 -0.8 99.0 13.8 -84.7 14.3 -134.0 116.0 0 127 127 179 127 59 85 255 0 0 255 37.969703 23.740579 240.4 240.4 2.3 
20:11:02.331 89.0 7.3 0.4 -0.8 99.0 15.0 -84.7 14.3 -134.0 116.0 0 127 127 179 127 59 85 255 0 0 255 37.969703 23.740579 240.4 240.4 2.3 
20:11:02.845 89.0 7.3 0.3 -0.9 99.0 13.8 -84.7 14.3 -137.0 116.0 0 127 127 179 127 59 85 255 0 0 255 37.969703 23.740577 238.2 238.2 2.2 
20:11:03.354 89.0 7.3 0.3 -0.7 99.0 14.9 -84.7 14.3 -137.0 116.0 0 127 127 179 127 59 85 255 0 0 255 37.969703 23.740577 238.2 238.2 2.2 
20:11:03.861 89.0 7.3 7.7 0.9 96.0 6.0 -84.7 11.3 -134.0 116.0 35.0 127 127 179 127 59 85 255 0 0 255 37.969703 23.740577 238.2 238.2 2.2 
20:11:04.369 82.0 7.2 2.9 14.2 33.0 270.7 -84.7 310.3 -72.0 116.0 35.0 127 127 179 127 59 85 255 0 0 255 37.969703 23.740577 238.2 238.2 2.2 
20:11:04.877 82.0 7.2 1.7 11.4 319.0 219.9 -84.7 234.3 3.0 86.0 35.0 127 127 179 127 59 85 255 0 0 255 37.969703 23.740577 238.2 238.2 2.2 
20:11:05.388 84.0 7.2 5.4 2.9 317.0 202.8 -84.7 232.3 5.0 86.0 35.0 127 127 179 127 59 85 255 0 0 255 37.969703 23.740577 238.2 238.2 2.2 
20:11:05.898 84.0 7.2 3.9 -0.5 318.0 187.6 -84.7 233.3 4.0 86.0 35.0 127 127 179 127 59 85 255 0 0 255 37.969703 23.740577 238.2 238.2 2.2 
20:11:06.406 89.0 7.3 -3.0 2.8 318.0 203.2 -84.7 233.3 4.0 86.0 0 127 127 179 127 59 85 255 0 0 255 37.969703 23.740577 238.2 238.2 2.2 
20:11:06.915 89.0 7.3 -7.3 9.5 292.0 196.1 -84.7 207.3 -117.0 116.0 0 127 127 179 127 59 85 255 0 0 255 37.969696 23.740549 90.0 90.0 0.7 
20:11:07.422 89.0 7.3 0.9 2.3 280.0 165.1 -84.7 195.3 -105.0 116.0 0 127 127 179 127 59 85 255 0 0 255 37.969696 23.740549 90.0 90.0 0.7 
20:11:07.930 89.0 7.3 3.7 2.0 280.0 165.5 -84.7 195.3 -105.0 116.0 0 127 127 179 127 59 85 255 0 0 255 37.969696 23.740549 90.0 90.0 0.7 
20:11:08.436 89.0 7.3 3.9 1.9 280.0 163.4 -84.7 195.3 -105.0 116.0 0 127 127 179 127 59 85 255 0 0 255 37.969696 23.740549 90.0 90.0 0.7 
20:11:08.944 89.0 7.3 3.9 2.0 280.0 164.5 -84.7 195.3 -105.0 116.0 0 127 127 179 127 59 85 255 0 0 255 37.969696 23.740549 90.0 90.0 0.7 
20:11:09.455 89.0 7.3 3.9 2.0 280.0 164.9 -84.7 195.3 -105.0 116.0 0 127 127 179 127 59 85 255 0 0 255 37.969696 23.740549 90.0 90.0 0.7 
20:11:09.961 89.0 7.3 3.8 2.0 280.0 165.2 -84.7 195.3 -105.0 116.0 0 127 127 179 127 59 85 255 0 0 255 37.969696 23.740549 90.0 90.0 0.7 
20:11:10.468 89.0 7.3 3.9 2.0 280.0 164.6 -84.7 195.3 -105.0 116.0 0 127 127 179 127 59 85 255 0 0 255 37.969696 23.740549 90.0 90.0 0.7 
20:11:10.978 89.0 7.3 3.9 1.9 281.0 165.5 -114.7 166.3 -76.0 116.0 0 127 127 179 127 59 85 255 0 0 255 37.969696 23.740549 90.0 90.0 0.7 
20:11:11.486 91.0 7.3 3.9 1.9 281.0 164.4 -114.7 166.3 -76.0 116.0 0 127 127 179 127 59 85 255 0 0 255 37.969696 23.740549 90.0 90.0 0.7 
20:11:11.994 91.0 7.3 3.9 2.0 281.0 165.3 -114.7 166.3 -76.0 116.0 0 127 127 179 127 59 85 255 0 0 255 37.969696 23.740549 90.0 90.0 0.7 
20:11:12.502 89.0 7.3 3.9 1.9 281.0 163.7 -114.7 166.3 -76.0 116.0 0 127 127 179 127 59 85 255 0 0 255 37.969696 23.740549 90.0 90.0 0.7 
20:11:13.010 89.0 7.3 3.9 2.1 281.0 164.8 -114.7 166.3 -76.0 116.0 0 127 127 179 127 59 85 255 0 0 255 37.969696 23.740549 90.0 90.0 0.7 
20:11:13.520 91.0 7.3 3.9 2.1 281.0 165.2 -114.7 166.3 -76.0 116.0 0 127 127 179 127 59 85 255 0 0 255 37.969696 23.740549 90.0 90.0 0.7 
20:11:14.029 91.0 7.3 3.9 2.0 281.0 165.0 -114.7 166.3 -76.0 116.0 0 127 127 179 127 59 85 255 0 0 255 37.969696 23.740549 90.0 90.0 0.7 
20:11:14.539 82.0 7.2 11.1 4.6 269.0 158.8 -114.7 155.3 -65.0 116.0 35.0 127 127 179 127 59 85 255 0 0 255 37.969696 23.740549 90.0 90.0 0.7 
20:11:15.050 82.0 7.2 4.9 7.0 218.0 108.1 -114.7 104.3 -14.0 92.0 35.0 127 127 179 127 59 85 255 0 0 255 37.969696 23.740549 90.0 90.0 0.7 
20:11:15.557 82.0 7.2 7.6 -0.4 209.0 109.5 -114.7 94.3 -4.0 86.0 35.0 127 127 179 127 59 85 255 0 0 255 37.969696 23.740549 90.0 90.0 0.7 
20:11:16.064 82.0 7.2 6.2 -1.2 211.0 100.4 -114.7 96.3 -6.0 87.0 35.0 127 127 179 127 59 85 255 0 0 255 37.969696 23.740549 90.0 90.0 0.7 
20:11:16.572 84.0 7.2 6.1 -2.0 210.0 113.3 -114.7 95.3 -5.0 86.0 35.0 127 127 179 127 59 85 255 0 0 255 37.969696 23.740549 90.0 90.0 0.7 
20:11:17.080 84.0 7.2 -4.4 -0.8 211.0 97.2 -114.7 96.3 -6.0 87.0 0 127 127 179 127 59 85 255 0 0 255 37.969696 23.740549 90.0 90.0 0.7 
20:11:17.591 89.0 7.3 -5.3 -0.5 210.0 119.6 -114.7 95.3 -5.0 86.0 0 127 127 179 127 59 85 255 0 0 255 37.969696 23.740549 90.0 90.0 0.7 
20:11:18.100 89.0 7.3 2.7 -1.0 210.0 114.9 -114.7 95.3 -5.0 86.0 0 127 127 179 127 59 85 255 0 0 255 37.969696 23.740549 90.0 90.0 0.7 
20:11:18.608 89.0 7.3 3.5 -1.2 210.0 114.6 -114.7 95.3 -5.0 86.0 0 127 127 179 127 59 85 255 0 0 255 37.969696 23.740549 90.0 90.0 0.7 
20:11:19.118 89.0 7.3 3.5 -1.2 210.0 115.1 -114.7 95.3 -5.0 86.0 0 127 127 179 127 59 85 255 0 0 255 37.969696 23.740549 90.0 90.0 0.7 
20:11:19.626 89.0 7.3 3.5 -1.1 210.0 111.6 -114.7 95.3 -5.0 86.0 0 127 127 179 127 59 85 255 0 0 255 37.969696 23.740549 90.0 90.0 0.7 
20:11:20.132 89.0 7.3 3.5 -1.2 211.0 114.6 -114.7 96.3 -6.0 87.0 0 127 127 179 127 59 85 255 0 0 255 37.969696 23.740549 90.0 90.0 0.7 
20:11:20.640 91.0 7.3 3.6 -1.0 210.0 114.0 -96.5 114.5 -24.0 105.0 0 127 127 179 127 59 85 255 0 0 255 37.969696 23.740549 90.0 90.0 0.7 
20:11:21.151 91.0 7.3 3.5 -1.2 211.0 114.2 -96.5 114.5 -24.0 105.0 0 127 127 179 127 59 85 255 0 0 255 37.969696 23.740549 90.0 90.0 0.7 
20:11:21.659 89.0 7.3 3.5 -1.1 211.0 113.9 -96.5 114.5 -24.0 105.0 0 127 127 179 127 59 85 255 0 0 255 37.969696 23.740549 90.0 90.0 0.7 
20:11:22.167 89.0 7.3 3.5 -1.1 211.0 114.4 -96.5 114.5 -163.0 116.0 0 127 127 179 127 59 85 255 0 0 255 37.969680 23.740575 312.3 312.3 2.3 
20:11:22.675 89.0 7.3 3.6 -1.3 211.0 115.6 -96.5 114.5 -160.0 116.0 0 127 127 179 127 59 85 255 0 0 255 37.969680 23.740573 315.3 315.3 2.1 
20:11:23.182 89.0 7.3 3.5 -1.2 211.0 113.8 -96.5 114.5 -160.0 116.0 0 127 127 179 127 59 85 255 0 0 255 37.969680 23.740573 315.3 315.3 2.1 
20:11:23.696 89.0 7.3 3.5 -1.1 211.0 114.7 -96.5 114.5 -153.0 116.0 0 127 127 179 127 59 85 255 0 0 255 37.969676 23.740573 321.6 321.6 2.4 
20:11:24.204 89.0 7.3 3.5 -1.2 211.0 113.0 -96.5 114.5 -153.0 116.0 0 127 127 179 127 59 85 255 0 0 255 37.969676 23.740573 321.6 321.6 2.4 
20:11:24.713 89.0 7.3 3.5 -1.1 211.0 116.4 -96.5 114.5 -153.0 116.0 35.0 127 127 179 127 59 85 255 0 0 255 37.969676 23.740573 321.6 321.6 2.4 
20:11:25.225 89.0 7.3 6.3 5.6 177.0 82.2 -96.5 82.5 -121.0 116.0 35.0 127 127 179 127 59 85 255 0 0 255 37.969676 23.740573 321.6 321.6 2.4 
20:11:25.734 79.0 7.1 1.3 16.1 106.0 16.2 -96.5 11.5 -65.0 116.0 35.0 127 127 179 127 59 85 255 0 0 255 37.969680 23.740579 307.1 307.1 2.5 
20:11:26.242 79.0 7.1 2.4 5.3 39.0 310.2 -96.5 302.5 4.0 86.0 35.0 127 127 179 127 59 85 255 0 0 255 37.969680 23.740579 307.1 307.1 2.5 
20:11:26.748 70.0 7.0 4.0 1.8 41.0 258.0 -96.5 304.5 -4.0 86.0 35.0 127 127 179 127 59 85 255 0 0 255 37.969688 23.740571 299.6 299.6 1.5 
20:11:27.257 70.0 7.0 -2.1 1.0 41.0 278.4 -96.5 304.5 -4.0 86.0 0 127 127 179 127 59 85 255 0 0 255 37.969688 23.740571 299.6 299.6 1.5 
20:11:27.765 89.0 7.3 -5.2 2.7 41.0 283.7 -96.5 304.5 -4.0 86.0 0 127 127 179 127 59 85 255 0 0 255 37.969688 23.740571 299.6 299.6 1.5 
20:11:28.272 89.0 7.3 -5.1 2.5 41.0 272.6 -96.5 304.5 -4.0 86.0 0 127 127 179 127 59 85 255 0 0 255 37.969688 23.740571 299.6 299.6 1.5 
20:11:28.781 89.0 7.3 -4.2 2.4 42.0 305.1 -96.5 305.5 -5.0 86.0 0 127 127 179 127 59 85 255 0 0 255 37.969688 23.740571 299.6 299.6 1.5 
20:11:29.287 89.0 7.3 -5.1 2.7 42.0 308.3 -96.5 305.5 -5.0 86.0 0 127 127 179 127 59 85 255 0 0 255 37.969688 23.740571 299.6 299.6 1.5 
20:11:29.797 89.0 7.3 -2.1 2.3 42.0 292.0 -96.5 305.5 -5.0 86.0 0 127 127 179 127 59 85 255 0 0 255 37.969688 23.740571 299.6 299.6 1.5 
20:11:30.307 89.0 7.3 -0.2 2.1 42.0 292.5 -96.5 305.5 -5.0 86.0 0 127 127 179 127 59 85 255 0 0 255 37.969688 23.740571 299.6 299.6 1.5 
20:11:30.817 89.0 7.3 -0.1 2.1 42.0 291.2 250.4 292.4 7.0 85.0 0 127 127 179 127 59 85 255 0 0 255 37.969688 23.740571 299.6 299.6 1.5 
20:11:31.326 89.0 7.3 -0.2 2.2 42.0 291.3 250.4 292.4 7.0 85.0 0 127 127 179 127 59 85 255 0 0 255 37.969688 23.740571 299.6 299.6 1.5 
20:11:31.836 89.0 7.3 0.0 2.1 42.0 295.2 250.4 292.4 -163.0 116.0 0 127 127 179 127 59 85 255 0 0 255 37.969707 23.740537 128.5 128.5 2.1 
20:11:32.344 89.0 7.3 -0.1 2.0 43.0 291.5 250.4 293.4 -164.0 116.0 0 127 127 179 127 59 85 255 0 0 255 37.969707 23.740537 128.5 128.5 2.1 
20:11:32.853 89.0 7.3 -0.1 2.1 43.0 291.7 250.4 293.4 -164.0 116.0 0 127 127 179 127 59 85 255 0 0 255 37.969707 23.740537 128.5 128.5 2.1 
20:11:33.362 89.0 7.3 -0.1 2.0 43.0 291.2 250.4 293.4 -164.0 116.0 0 127 127 179 127 59 85 255 0 0 255 37.969707 23.740537 128.5 128.5 2.1 
20:11:33.869 89.0 7.3 -0.1 2.1 43.0 291.4 250.4 293.4 -164.0 116.0 0 127 127 179 127 59 85 255 0 0 255 37.969707 23.740537 128.5 128.5 2.1 
20:11:34.377 89.0 7.3 -0.2 2.2 43.0 291.2 250.4 293.4 -164.0 116.0 0 127 127 179 127 59 85 255 0 0 255 37.969707 23.740537 128.5 128.5 2.1 
20:11:34.887 89.0 7.3 -0.2 2.1 43.0 290.6 250.4 293.4 -164.0 116.0 0 127 127 179 127 59 85 255 0 0 255 37.969707 23.740537 128.5 128.5 2.1 
20:11:35.395 89.0 7.3 10.2 4.7 37.0 285.0 250.4 288.4 -159.0 116.0 35.0 127 127 179 127 59 85 255 0 0 255 37.969707 23.740537 128.5 128.5 2.1 
20:11:35.904 82.0 7.2 4.0 17.6 328.0 225.7 250.4 220.4 -91.0 116.0 35.0 127 127 179 127 59 85 255 0 0 255 37.969707 23.740537 128.5 128.5 2.1 
20:11:36.411 82.0 7.2 -0.6 20.6 246.0 145.9 250.4 138.4 -9.0 88.0 35.0 127 127 179 127 59 85 255 0 0 255 37.969707 23.740537 128.5 128.5 2.1 
20:11:36.922 84.0 7.2 5.4 0.9 237.0 145.0 250.4 127.4 1.0 86.0 35.0 127 127 179 127 59 85 255 0 0 255 37.969707 23.740537 128.5 128.5 2.1 
20:11:37.434 84.0 7.2 4.0 -0.6 237.0 130.3 250.4 127.4 1.0 86.0 35.0 127 127 179 127 59 85 255 0 0 255 37.969707 23.740537 128.5 128.5 2.1 
20:11:37.944 84.0 7.2 -3.7 0.2 235.0 124.1 250.4 125.4 3.0 86.0 0 127 127 179 127 59 85 255 0 0 255 37.969707 23.740537 128.5 128.5 2.1 
20:11:38.454 84.0 7.2 -4.4 0.1 234.0 117.1 250.4 124.4 4.0 86.0 0 127 127 179 127 59 85 255 0 0 255 37.969707 23.740537 128.5 128.5 2.1 
20:11:38.961 88.0 7.2 3.0 -0.5 234.0 131.8 250.4 124.4 4.0 86.0 0 127 127 179 127 59 85 255 0 0 255 37.969707 23.740537 128.5 128.5 2.1 
20:11:39.469 88.0 7.2 3.5 -0.4 234.0 131.5 250.4 124.4 4.0 86.0 0 127 127 179 127 59 85 255 0 0 255 37.969707 23.740537 128.5 128.5 2.1 
20:11:39.977 89.0 7.3 3.5 -0.5 234.0 131.9 250.4 124.4 4.0 86.0 0 127 127 179 127 59 85 255 0 0 255 37.969707 23.740537 128.5 128.5 2.1 
20:11:40.487 89.0 7.3 3.5 -0.5 234.0 129.5 250.4 124.4 4.0 86.0 0 127 127 179 127 59 85 255 0 0 255 37.969707 23.740537 128.5 128.5 2.1 
20:11:40.995 89.0 7.3 3.5 -0.6 234.0 129.7 -104.5 129.5 0 86.0 0 127 127 179 127 59 85 255 0 0 255 37.969707 23.740537 128.5 128.5 2.1 
20:11:41.503 89.0 7.3 3.5 -0.6 235.0 130.0 -104.5 130.5 -1.0 86.0 0 127 127 179 127 59 85 255 0 0 255 37.969707 23.740537 128.5 128.5 2.1 
20:11:42.012 91.0 7.3 3.6 -0.6 235.0 130.0 -104.5 130.5 -1.0 86.0 0 127 127 179 127 59 85 255 0 0 255 37.969707 23.740537 128.5 128.5 2.1 
20:11:42.521 91.0 7.3 3.6 -0.6 235.0 129.8 -104.5 130.5 -1.0 86.0 59.0 127 127 179 127 59 85 255 0 0 0 37.969707 23.740537 128.5 128.5 2.1 
20:11:43.030 79.0 7.1 16.4 -1.3 233.0 139.7 -104.5 128.5 0 86.0 59.0 127 127 179 127 59 85 255 0 0 0 37.969707 23.740537 128.5 128.5 2.1 
20:11:43.539 79.0 7.1 10.4 22.8 200.0 85.6 -104.5 97.5 -28.0 117.0 59.0 28 127 179 127 59 85 255 0 0 0 37.969707 23.740537 69.3 128.5 2.1 
20:11:44.050 74.0 7.0 4.9 29.2 111.0 52.2 -104.5 7.5 -48.0 130.0 59.0 0 127 179 127 59 85 255 0 0 0 37.969707 23.740537 -41.3 128.5 2.1 
20:11:44.559 74.0 7.0 2.2 35.5 36.0 297.4 -104.5 293.5 -48.0 130.0 59.0 0 127 179 127 59 85 255 0 0 0 37.969707 23.740537 244.7 128.5 2.1 
20:11:45.067 74.0 7.0 5.4 26.7 339.0 210.9 -104.5 235.5 9.0 84.0 59.0 127 127 179 127 59 85 255 0 0 0 37.969707 23.740537 244.5 128.5 2.1 
20:11:45.575 74.0 7.0 5.8 -5.6 357.0 233.0 -104.5 252.5 -16.0 99.0 59.0 76 127 142 127 59 85 255 0 0 0 37.969707 23.740537 235.9 128.5 2.1 
20:11:46.083 75.0 7.1 0.3 35.5 305.0 187.4 -104.5 201.5 5.0 86.0 27.0 127 127 62 127 59 85 255 0 0 0 37.969707 23.740537 206.9 128.5 2.1 
20:11:46.593 75.0 7.1 -9.1 0.7 314.0 226.4 -104.5 209.5 -2.0 86.0 0 128 126 2 127 59 85 255 0 0 0 37.969707 23.740537 206.9 128.5 2.1 
20:11:47.100 88.0 7.2 -12.3 -23.0 353.0 209.8 -104.5 245.5 41.0 42.0 0 255 54 1 127 59 85 255 0 0 0 37.969669 23.740501 298.3 63.0 5.4 
20:11:47.609 88.0 7.2 -12.3 -19.1 76.0 336.7 -104.5 330.5 49.0 42.0 0 255 98 1 127 59 85 255 0 0 0 37.969669 23.740501 380.3 63.0 5.4 
20:11:48.116 86.0 7.2 -8.4 -6.7 125.0 5.6 -104.5 20.5 49.0 42.0 9.0 255 106 18 127 59 85 255 0 0 0 37.969669 23.740501 70.3 63.0 5.4 
20:11:48.624 86.0 7.2 3.3 -3.9 137.0 17.4 -104.5 32.5 52.0 42.0 29.0 255 112 65 127 59 85 255 0 0 0 37.969669 23.740501 85.3 63.0 5.4 
20:11:49.132 79.0 7.1 -1.0 -6.9 181.0 64.6 -104.5 75.5 49.0 42.0 22.0 255 112 52 127 59 85 255 0 0 0 37.969669 23.740501 125.3 63.0 5.4 
20:11:49.642 79.0 7.1 5.2 -2.7 199.0 105.6 -104.5 94.5 51.0 42.0 33.0 255 112 72 127 59 85 255 0 0 0 37.969669 23.740501 146.3 63.0 5.4 
20:11:50.149 47.0 6.7 0.1 -6.3 245.0 119.9 -104.5 139.5 46.0 42.0 27.0 255 112 62 127 59 85 255 0 0 0 37.969669 23.740501 186.3 63.0 5.4 
20:11:50.659 47.0 6.7 7.6 -4.3 280.0 156.7 -104.5 174.5 50.0 42.0 25.0 255 115 59 127 59 85 255 0 0 0 37.969669 23.740486 225.3 68.2 6.7 
20:11:51.170 77.0 7.1 -5.2 0.3 323.0 187.4 -104.5 217.5 32.0 57.0 0 227 127 2 127 59 85 255 0 0 0 37.969669 23.740486 250.3 68.2 6.7 
20:11:51.678 77.0 7.1 -0.9 3.2 330.0 216.0 -104.5 225.5 -6.0 87.0 0 127 127 2 127 59 85 255 0 0 0 37.969669 23.740486 219.5 68.2 6.7 
20:11:52.186 86.0 7.2 0.8 2.8 330.0 216.2 -104.5 225.5 -6.0 87.0 12.0 127 127 27 127 59 85 255 0 0 0 37.969669 23.740486 219.5 68.2 6.7 
20:11:52.695 86.0 7.2 1.0 2.9 330.0 216.0 -104.5 225.5 -6.0 87.0 22.0 127 127 52 127 59 85 255 0 0 0 37.969669 23.740486 219.5 68.2 6.7 
20:11:53.202 88.0 7.2 12.8 3.9 326.0 210.7 -104.5 222.5 -3.0 86.0 20.0 127 127 49 127 59 85 255 0 0 0 37.969669 23.740486 219.5 68.2 6.7 
20:11:53.714 88.0 7.2 -3.6 2.5 324.0 190.6 -104.5 219.5 0 86.0 0 127 127 1 127 59 85 255 0 0 0 37.969669 23.740486 219.5 68.2 6.7 
20:11:54.222 88.0 7.2 -1.0 2.1 323.0 194.2 -104.5 218.5 1.0 86.0 0 127 127 1 127 59 85 255 0 0 0 37.969669 23.740486 219.5 68.2 6.7 
20:11:54.731 88.0 7.2 1.9 1.9 323.0 195.0 -104.5 218.5 1.0 86.0 0 127 127 1 127 59 85 255 0 0 0 37.969661 23.740482 219.5 59.8 7.5 
20:11:55.241 88.0 7.2 1.9 2.0 324.0 194.6 -104.5 219.5 0 86.0 0 127 127 1 127 59 85 255 0 0 0 37.969661 23.740482 219.5 59.8 7.5 
20:11:55.749 88.0 7.2 2.0 1.9 324.0 195.2 -104.5 219.5 0 86.0 0 127 127 1 127 59 85 255 0 0 0 37.969661 23.740482 219.5 59.8 7.5 
20:11:56.256 89.0 7.3 2.0 2.0 324.0 195.0 -104.5 219.5 0 86.0 0 127 127 1 127 59 85 255 0 0 0 37.969661 23.740482 219.5 59.8 7.5 
20:11:56.765 89.0 7.3 2.0 1.8 324.0 195.9 -104.5 219.5 0 86.0 0 127 127 1 127 59 85 255 0 0 0 37.969661 23.740482 219.5 59.8 7.5 
20:11:57.275 89.0 7.3 2.0 2.0 324.0 195.2 -104.5 219.5 0 86.0 0 127 127 1 127 59 85 255 0 0 0 37.969661 23.740482 219.5 59.8 7.5 
20:11:57.786 89.0 7.3 1.9 2.0 324.0 194.9 -104.5 219.5 0 86.0 0 127 127 1 127 59 85 255 0 0 0 37.969661 23.740482 219.5 59.8 7.5 
20:11:58.299 89.0 7.3 2.0 1.9 324.0 195.1 -104.5 219.5 0 86.0 0 127 127 1 127 59 85 255 0 0 0 37.969661 23.740482 219.5 59.8 7.5 
20:11:58.808 89.0 7.3 2.0 1.9 324.0 195.7 -104.5 219.5 0 86.0 0 127 127 1 127 59 85 255 0 0 0 37.969661 23.740482 219.5 59.8 7.5 
20:11:59.315 89.0 7.3 2.0 2.0 324.0 195.4 -104.5 219.5 0 86.0 0 127 127 1 127 59 85 255 0 0 0 37.969661 23.740482 219.5 59.8 7.5 
20:11:59.823 89.0 7.3 2.2 2.0 324.0 194.1 -104.5 219.5 0 86.0 0 127 127 1 127 59 85 255 0 0 0 37.969661 23.740482 219.5 59.8 7.5 
20:12:00.329 89.0 7.3 2.0 1.9 325.0 195.3 -104.5 220.5 -1.0 86.0 0 127 127 1 127 59 85 255 0 0 0 37.969661 23.740482 219.5 59.8 7.5 
20:12:00.836 89.0 7.3 2.0 1.9 325.0 196.0 -104.5 220.5 -1.0 86.0 0 127 127 1 127 59 85 255 0 0 0 37.969665 23.740486 219.5 62.4 7.0 
20:12:01.343 89.0 7.3 2.0 1.7 325.0 194.5 -104.5 220.5 -1.0 86.0 0 127 127 1 127 59 85 255 0 0 0 37.969665 23.740486 219.5 62.4 7.0 
20:12:01.854 89.0 7.3 2.0 1.9 325.0 194.8 -104.5 220.5 -1.0 86.0 0 127 127 1 127 59 85 255 0 0 0 37.969665 23.740486 219.5 62.4 7.0 
20:12:02.362 89.0 7.3 2.1 1.9 325.0 195.9 -104.5 220.5 -1.0 86.0 0 127 127 1 127 59 85 255 0 0 0 37.969665 23.740486 219.5 62.4 7.0 
20:12:02.870 89.0 7.3 2.7 2.3 325.0 194.1 -104.5 220.5 -1.0 86.0 0 127 127 1 127 59 85 255 0 0 0 37.969665 23.740486 219.5 62.4 7.0 
20:12:03.376 89.0 7.3 2.1 2.0 325.0 192.9 -104.5 220.5 -1.0 86.0 0 127 127 1 127 59 85 255 0 0 0 37.969665 23.740486 219.5 62.4 7.0 
20:12:03.886 89.0 7.3 2.0 1.7 325.0 188.6 -104.5 220.5 -1.0 86.0 0 127 127 1 127 59 85 255 0 0 0 37.969665 23.740486 219.5 62.4 7.0 
20:12:04.397 89.0 7.3 3.4 2.2 325.0 189.7 -104.5 220.5 -1.0 86.0 0 127 127 1 127 59 85 255 0 0 0 37.969665 23.740486 219.5 62.4 7.0 
20:12:04.905 89.0 7.3 3.2 1.9 326.0 188.1 -104.5 221.5 -2.0 86.0 0 127 127 1 127 59 85 255 0 0 0 37.969665 23.740486 219.5 62.4 7.0 
20:12:05.412 89.0 7.3 2.9 2.4 326.0 189.2 -104.5 221.5 -2.0 86.0 0 127 127 1 127 59 85 255 0 0 0 37.969665 23.740486 219.5 62.4 7.0 
20:12:05.920 89.0 7.3 2.8 1.7 326.0 188.3 -104.5 221.5 -2.0 86.0 0 127 127 1 127 59 85 255 0 0 0 37.969665 23.740488 219.5 61.8 6.8 
20:12:06.427 89.0 7.3 2.7 1.6 326.0 187.9 -104.5 221.5 -2.0 86.0 0 127 127 1 127 59 85 255 0 0 0 37.969665 23.740488 219.5 61.8 6.8 
20:12:06.937 89.0 7.3 2.9 1.7 326.0 190.7 -104.5 221.5 -2.0 86.0 0 127 127 1 127 59 85 255 0 0 0 37.969665 23.740488 219.5 61.8 6.8 
20:12:07.446 89.0 7.3 3.8 1.3 326.0 188.9 -104.5 221.5 -2.0 86.0 0 127 127 1 127 59 85 255 0 0 0 37.969665 23.740488 219.5 61.8 6.8 
20:12:07.953 89.0 7.3 2.6 1.4 326.0 186.8 -104.5 221.5 -2.0 86.0 0 127 127 1 127 59 85 255 0 0 0 37.969665 23.740488 219.5 61.8 6.8 
20:12:08.462 89.0 7.3 2.2 2.8 326.0 196.7 -104.5 221.5 -2.0 86.0 0 127 127 1 127 59 85 255 0 0 0 37.969665 23.740488 219.5 61.8 6.8 
20:12:08.971 89.0 7.3 1.5 3.9 326.0 218.7 -104.5 221.5 -2.0 86.0 0 127 127 1 127 59 85 255 0 0 0 37.969665 23.740488 219.5 61.8 6.8 
20:12:09.477 91.0 7.3 2.2 2.8 327.0 218.7 -104.5 222.5 -3.0 86.0 0 127 127 1 127 59 85 255 0 0 0 37.969665 23.740488 219.5 61.8 6.8 
20:12:09.987 91.0 7.3 2.4 2.2 327.0 217.2 -104.5 222.5 -3.0 86.0 0 127 127 1 127 59 85 255 0 0 0 37.969665 23.740488 219.5 61.8 6.8 
20:12:10.498 89.0 7.3 2.0 2.0 327.0 217.7 -104.5 222.5 -3.0 86.0 0 127 127 1 127 59 85 255 0 0 0 37.969665 23.740488 219.5 61.8 6.8 
20:12:11.006 89.0 7.3 3.0 2.5 327.0 217.5 -104.5 222.5 -3.0 86.0 0 127 127 1 127 59 85 255 0 0 0 37.969665 23.740488 219.5 61.8 6.8 
20:12:11.518 91.0 7.3 2.8 2.4 327.0 216.1 -104.5 222.5 -3.0 86.0 0 127 127 1 127 59 85 255 0 0 0 37.969665 23.740488 219.5 61.8 6.8 
20:12:12.023 91.0 7.3 2.8 2.4 327.0 215.6 -104.5 222.5 -3.0 86.0 0 127 127 1 127 59 85 255 0 0 0 37.969665 23.740488 219.5 61.8 6.8 
20:12:12.533 89.0 7.3 2.7 2.5 327.0 217.1 -104.5 222.5 -3.0 86.0 0 127 127 1 127 59 85 255 0 0 0 37.969665 23.740488 219.5 61.8 6.8 
20:12:13.042 89.0 7.3 3.0 2.3 327.0 217.3 -104.5 222.5 -3.0 86.0 0 127 127 1 127 59 85 255 0 0 0 37.969665 23.740488 219.5 61.8 6.8 
20:12:13.552 91.0 7.3 2.8 2.5 327.0 217.3 -104.5 222.5 -3.0 86.0 0 127 127 1 127 59 85 255 0 0 0 37.969665 23.740488 219.5 61.8 6.8 
20:12:14.059 91.0 7.3 2.8 2.4 328.0 215.8 -104.5 223.5 -4.0 86.0 0 127 127 1 127 59 85 255 0 0 0 37.969665 23.740488 219.5 61.8 6.8 
20:12:14.566 89.0 7.3 2.8 2.3 328.0 216.7 -104.5 223.5 -4.0 86.0 0 127 127 1 127 59 85 255 0 0 0 37.969665 23.740488 219.5 61.8 6.8 
20:12:15.073 89.0 7.3 2.8 2.3 328.0 216.7 -104.5 223.5 -4.0 86.0 0 127 127 1 127 59 85 255 0 0 0 37.969665 23.740488 219.5 61.8 6.8 
20:12:15.583 91.0 7.3 2.8 2.3 328.0 216.3 -104.5 223.5 -4.0 86.0 0 127 127 1 127 59 85 255 0 0 0 37.969665 23.740488 219.5 61.8 6.8 
20:12:16.094 91.0 7.3 2.8 2.4 328.0 215.0 -104.5 223.5 -4.0 86.0 0 127 127 1 127 59 85 255 0 0 0 37.969665 23.740488 219.5 61.8 6.8 
20:12:16.602 89.0 7.3 2.7 2.4 328.0 215.8 -104.5 223.5 -4.0 86.0 0 127 127 1 127 59 85 255 0 0 0 37.969665 23.740488 219.5 61.8 6.8 
20:12:17.112 89.0 7.3 2.8 2.3 328.0 216.7 -104.5 223.5 -4.0 86.0 0 127 127 1 127 59 85 255 0 0 0 37.969665 23.740488 219.5 61.8 6.8 
20:12:17.621 91.0 7.3 2.8 2.3 328.0 216.5 -104.5 223.5 -4.0 86.0 0 127 127 1 127 59 85 255 0 0 0 37.969676 23.740493 219.5 72.8 5.8 
20:12:18.129 91.0 7.3 2.8 2.4 328.0 216.3 -104.5 223.5 -4.0 86.0 0 127 127 1 127 59 85 255 0 0 0 37.969676 23.740493 219.5 72.8 5.8 
20:12:18.639 91.0 7.3 2.9 2.2 329.0 216.5 -104.5 224.5 -5.0 86.0 0 127 127 1 127 59 85 255 0 0 0 37.969676 23.740493 219.5 72.8 5.8 
20:12:19.147 91.0 7.3 2.7 2.4 329.0 216.6 -104.5 224.5 -5.0 86.0 0 127 127 1 127 59 85 255 0 0 0 37.969676 23.740493 219.5 72.8 5.8 
