20:23:24.681 86.0 7.2 0.9 5.3 81.0 230.1 -197.8 243.2 3.0 86.0 0 127 127 1 127 59 85 255 0 0 0 37.969669 23.740489 246.2 67.1 6.4 
20:23:25.189 86.0 7.2 0.9 5.4 81.0 230.9 -197.8 243.2 3.0 86.0 0 127 127 1 127 59 85 255 0 0 0 37.969669 23.740489 246.2 67.1 6.4 
20:23:25.696 84.0 7.2 0.9 5.3 81.0 230.9 -197.8 243.2 3.0 86.0 0 127 127 1 127 59 85 255 0 0 0 37.969673 23.740486 246.2 72.9 6.5 
20:23:26.205 84.0 7.2 1.0 5.3 81.0 230.6 -197.8 243.2 3.0 86.0 0 127 127 1 127 59 85 255 0 0 0 37.969673 23.740486 246.2 72.9 6.5 
20:23:26.712 86.0 7.2 1.0 5.3 81.0 230.5 -197.8 243.2 3.0 86.0 0 127 127 1 127 59 85 255 0 0 0 37.969673 23.740486 246.2 72.9 6.5 
20:23:27.219 86.0 7.2 0.9 5.4 81.0 231.0 -197.8 243.2 3.0 86.0 0 127 127 1 127 59 85 255 0 0 0 37.969673 23.740486 246.2 72.9 6.5 
20:23:27.729 86.0 7.2 1.0 5.3 81.0 230.3 -197.8 243.2 3.0 86.0 0 127 127 1 127 59 85 255 0 0 0 37.969673 23.740486 246.2 72.9 6.5 
20:23:28.237 86.0 7.2 0.9 5.4 82.0 230.6 -197.8 244.2 2.0 86.0 0 127 127 1 127 59 85 255 0 0 0 37.969673 23.740486 246.2 72.9 6.5 
20:23:28.746 86.0 7.2 1.0 5.4 82.0 231.0 -197.8 244.2 2.0 86.0 0 127 127 1 127 59 85 255 0 0 0 37.969673 23.740486 246.2 72.9 6.5 
20:23:29.253 86.0 7.2 1.0 5.3 82.0 229.8 -197.8 244.2 2.0 86.0 0 127 127 1 127 59 85 255 0 0 0 37.969673 23.740486 246.2 72.9 6.5 
20:23:29.760 86.0 7.2 1.0 5.4 82.0 231.2 -197.8 244.2 2.0 86.0 0 127 127 1 127 59 85 255 0 0 0 37.969673 23.740486 246.2 72.9 6.5 
20:23:30.270 86.0 7.2 1.0 5.4 82.0 231.2 -197.8 244.2 2.0 86.0 12.0 135 127 28 127 59 85 255 0 0 0 37.969673 23.740486 246.2 72.9 6.5 
20:23:30.779 84.0 7.2 0.9 5.4 82.0 231.7 -197.8 244.2 6.0 85.0 20.0 145 127 48 127 59 85 255 0 0 0 37.969673 23.740486 250.2 72.9 6.5 
20:23:31.286 84.0 7.2 9.7 3.9 82.0 220.6 -197.8 244.2 52.0 42.0 36.0 255 127 77 127 59 85 255 0 0 0 37.969673 23.740486 297.0 72.9 6.5 
20:23:31.794 79.0 7.1 3.7 -9.5 139.0 282.2 -197.8 299.2 47.0 42.0 36.0 255 127 77 127 59 85 255 0 0 0 37.969673 23.740486 347.0 72.9 6.5 
20:23:32.301 79.0 7.1 -0.6 -18.3 218.0 41.8 -197.8 18.2 50.0 42.0 36.0 255 127 77 127 59 85 255 0 0 0 37.969673 23.740486 69.0 72.9 6.5 
20:23:32.809 79.0 7.1 -0.6 -8.6 289.0 98.6 -197.8 90.2 -5.0 86.0 36.0 127 127 77 127 59 85 255 0 0 0 37.969684 23.740476 85.0 80.8 7.1 
20:23:33.318 79.0 7.1 6.1 2.9 285.0 79.8 -197.8 87.2 -2.0 86.0 36.0 127 127 77 127 59 85 255 0 0 0 37.969684 23.740476 85.0 80.8 7.1 
20:23:33.827 77.0 7.1 5.7 1.1 282.0 64.7 -197.8 84.2 0 86.0 36.0 127 127 77 127 59 85 255 0 0 0 37.969684 23.740476 85.0 80.8 7.1 
20:23:34.333 77.0 7.1 4.5 2.1 279.0 107.7 -197.8 81.2 3.0 86.0 36.0 127 127 77 127 59 85 255 0 0 0 37.969684 23.740476 85.0 80.8 7.1 
20:23:34.840 79.0 7.1 3.5 1.9 276.0 84.4 -197.8 78.2 6.0 85.0 36.0 127 127 77 127 59 85 255 0 0 0 37.969684 23.740476 85.0 80.8 7.1 
20:23:35.349 79.0 7.1 3.2 5.3 259.0 52.6 -197.8 61.2 5.0 86.0 36.0 127 127 77 127 59 85 255 0 0 0 37.969684 23.740476 66.2 80.8 7.1 
20:23:35.857 79.0 7.1 1.2 10.1 238.0 23.5 -197.8 40.2 4.0 86.0 36.0 127 127 77 127 59 85 255 0 0 0 37.969684 23.740476 44.6 80.8 7.1 
20:23:36.365 79.0 7.1 1.8 -5.7 257.0 78.0 -197.8 60.2 -2.0 86.0 36.0 127 127 77 127 59 85 255 0 0 0 37.969684 23.740476 58.2 80.8 7.1 
20:23:36.873 79.0 7.1 2.7 1.8 253.0 35.4 -197.8 55.2 3.0 86.0 36.0 127 127 77 127 59 85 255 0 0 0 37.969684 23.740476 58.2 80.8 7.1 
20:23:37.379 79.0 7.1 1.6 1.7 247.0 69.1 -197.8 48.2 10.0 84.0 36.0 127 127 77 127 59 85 255 0 0 0 37.969684 23.740476 58.2 80.8 7.1 
20:23:37.889 79.0 7.1 1.7 -5.7 251.0 42.4 -197.8 53.2 4.0 86.0 36.0 127 127 77 127 59 85 255 0 0 0 37.969684 23.740476 57.2 80.8 7.1 
20:23:38.395 79.0 7.1 2.9 4.1 248.0 18.9 -197.8 51.2 6.0 85.0 36.0 127 127 77 127 59 85 255 0 0 0 37.969684 23.740476 57.2 80.8 7.1 
20:23:38.904 81.0 7.1 2.3 -2.9 248.0 84.0 -197.8 50.2 7.0 85.0 36.0 126 127 77 127 59 85 255 0 0 0 37.969711 23.740579 57.2 226.6 2.8 
20:23:39.412 81.0 7.1 7.3 13.3 239.0 29.6 -197.8 43.2 -35.0 119.0 36.0 22 126 77 127 59 85 255 0 0 0 37.969711 23.740579 7.6 226.6 2.8 
20:23:39.921 77.0 7.1 -4.7 34.8 148.0 320.9 -197.8 313.2 4.0 91.0 36.0 107 127 77 127 59 85 255 0 0 0 37.969711 23.740579 317.2 226.6 2.8 
20:23:40.428 77.0 7.1 3.2 0.1 157.0 337.9 -197.8 319.2 -2.0 86.0 43.0 127 127 88 127 59 85 255 0 0 0 37.969711 23.740579 317.2 226.6 2.8 
20:23:40.936 77.0 7.1 6.7 2.5 154.0 308.3 -197.8 316.2 1.0 86.0 43.0 127 127 88 127 59 85 255 0 0 0 37.969711 23.740579 317.2 226.6 2.8 
20:23:41.445 77.0 7.1 5.4 2.7 152.0 289.7 -197.8 314.2 3.0 86.0 47.0 124 127 93 127 59 85 255 0 0 0 37.969711 23.740579 317.2 226.6 2.8 
20:23:41.955 74.0 7.0 0.7 25.9 124.0 232.4 -197.8 287.2 -23.0 107.0 46.0 47 127 92 127 59 85 255 0 0 0 37.969711 23.740579 264.0 226.6 2.8 
20:23:42.466 74.0 7.0 2.7 26.9 62.0 241.9 -197.8 224.2 7.0 85.0 46.0 127 127 92 127 59 85 255 0 0 0 37.969711 23.740579 231.2 226.6 2.8 
20:23:42.973 67.0 6.9 5.2 4.7 68.0 214.0 -197.8 230.2 1.0 86.0 46.0 127 127 92 127 59 85 255 0 0 0 37.969711 23.740579 231.2 226.6 2.8 
20:23:43.482 67.0 6.9 2.9 6.9 62.0 192.2 -197.8 224.2 7.0 85.0 46.0 127 127 92 127 59 85 255 0 0 0 37.969711 23.740579 231.2 226.6 2.8 
20:23:43.989 68.0 7.0 -2.3 4.4 67.0 193.3 -197.8 229.2 2.0 86.0 47.0 112 127 93 127 59 85 255 0 0 0 37.969738 23.733333 231.2 90.4 633.4 
20:23:44.500 68.0 7.0 -3.1 37.1 18.0 168.1 -197.8 182.2 -41.0 127.0 46.0 5 121 92 127 59 85 255 0 0 0 37.969738 23.733333 133.0 90.4 633.4 
20:23:45.011 72.0 7.0 0.5 23.8 317.0 113.5 -197.8 119.2 12.0 82.0 47.0 127 127 93 127 59 85 255 0 0 0 37.969738 23.733333 132.0 90.4 633.4 
20:23:45.520 72.0 7.0 6.0 1.0 328.0 120.2 -197.8 130.2 1.0 86.0 46.0 127 127 92 127 59 85 255 0 0 0 37.969738 23.733333 132.0 90.4 633.4 
20:23:46.030 72.0 7.0 1.9 -16.9 342.0 144.0 -197.8 143.2 0 85.0 46.0 141 125 92 127 59 85 255 0 0 0 37.969738 23.733333 143.8 90.4 633.4 
20:23:46.537 72.0 7.0 4.2 10.9 337.0 125.3 -197.8 140.2 3.0 86.0 46.0 127 127 92 127 59 85 255 0 0 0 37.969738 23.733333 143.8 90.4 633.4 
20:23:47.047 70.0 7.0 4.1 0.9 335.0 135.3 -197.8 138.2 5.0 85.0 47.0 127 127 93 127 59 85 255 0 0 0 37.969738 23.733333 143.8 90.4 633.4 
20:23:47.556 70.0 7.0 5.1 8.4 332.0 135.0 -197.8 134.2 9.0 85.0 46.0 127 127 92 127 59 85 255 0 0 0 37.969738 23.733333 143.8 90.4 633.4 
20:23:48.064 74.0 7.0 3.5 -0.6 339.0 133.3 -197.8 141.2 2.0 86.0 47.0 127 127 93 127 59 85 255 0 0 0 37.969738 23.733333 143.8 90.4 633.4 
20:23:48.573 74.0 7.0 5.8 1.1 334.0 142.9 -197.8 136.2 7.0 84.0 47.0 127 127 93 127 59 85 255 0 0 0 37.969738 23.733333 143.8 90.4 633.4 
20:23:49.080 68.0 7.0 8.9 3.5 333.0 132.8 -197.8 135.2 8.0 84.0 59.0 127 127 116 127 59 85 255 0 0 0 37.969635 23.740568 143.8 350.9 6.3 
20:23:49.587 68.0 7.0 7.4 -0.2 337.0 130.3 -197.8 139.2 4.0 86.0 59.0 127 127 128 127 59 85 255 0 0 0 37.969635 23.740568 143.8 350.9 6.3 
20:23:50.094 70.0 7.0 -0.4 -0.5 334.0 123.7 -197.8 136.2 7.0 84.0 59.0 127 127 128 127 59 85 255 0 0 0 37.969635 23.740568 143.8 350.9 6.3 
20:23:50.607 70.0 7.0 5.7 9.7 331.0 112.0 -197.8 134.2 9.0 84.0 59.0 127 127 128 127 59 85 255 0 0 0 37.969635 23.740568 143.8 350.9 6.3 
20:23:51.116 68.0 7.0 5.2 1.2 338.0 124.4 -197.8 140.2 3.0 86.0 59.0 127 127 128 127 59 85 255 0 0 0 37.969635 23.740568 143.8 350.9 6.3 
20:23:51.626 68.0 7.0 4.3 -9.8 342.0 144.6 -197.8 143.2 0 86.0 59.0 127 127 128 127 59 85 255 0 0 0 37.969635 23.740568 143.8 350.9 6.3 
20:23:52.133 67.0 6.9 6.4 15.5 329.0 136.3 -197.8 131.2 12.0 82.0 59.0 127 127 128 127 59 85 255 0 0 0 37.969635 23.740568 143.8 350.9 6.3 
20:23:52.645 67.0 6.9 5.2 -1.7 339.0 145.5 -197.8 141.2 2.0 86.0 23.0 142 127 55 106 59 85 255 0 0 0 37.969635 23.740568 143.8 350.9 6.3 
20:23:53.152 79.0 7.1 -10.5 -30.1 26.0 164.9 -197.8 187.2 44.0 42.0 9.0 255 127 17 127 59 85 255 0 0 0 37.969635 23.740568 232.0 350.9 6.3 
20:23:53.662 79.0 7.1 -12.5 -32.8 113.0 250.8 -197.8 273.2 49.0 42.0 13.0 255 127 29 127 59 85 255 0 0 0 37.969505 23.740686 323.0 331.0 23.5 
20:23:54.171 72.0 7.0 4.4 -15.7 180.0 345.2 -197.8 341.2 6.0 77.0 52.0 172 127 99 127 59 85 255 0 0 0 37.969505 23.740686 348.0 331.0 23.5 
20:23:54.682 72.0 7.0 8.3 2.0 204.0 11.5 -197.8 7.2 -5.0 99.0 52.0 76 127 99 127 59 85 255 0 0 0 37.969505 23.740686 -8.4 331.0 23.5 
20:23:55.192 70.0 7.0 5.9 17.7 153.0 300.2 -197.8 315.2 10.0 84.0 52.0 127 127 99 127 59 85 255 0 0 0 37.969505 23.740686 325.4 331.0 23.5 
20:23:55.703 70.0 7.0 9.1 5.0 158.0 305.3 -197.8 320.2 5.0 86.0 59.0 127 127 133 127 59 85 255 0 0 0 37.969528 23.740669 325.4 331.6 20.7 
20:23:56.214 39.0 6.5 7.5 -0.9 158.0 307.8 -197.8 320.2 5.0 86.0 59.0 127 127 198 127 59 85 255 0 0 0 37.969528 23.740669 325.4 331.6 20.7 
20:23:56.723 39.0 6.5 5.2 1.9 154.0 305.4 -197.8 316.2 9.0 83.0 59.0 127 127 205 127 59 85 255 0 0 0 37.969528 23.740669 325.4 331.6 20.7 
20:23:57.231 65.0 6.9 3.3 8.2 159.0 296.0 -197.8 321.2 4.0 86.0 59.0 127 127 205 128 59 85 255 0 0 0 37.969528 23.740669 325.4 331.6 20.7 
20:23:57.741 65.0 6.9 6.6 6.7 153.0 274.4 -197.8 315.2 10.0 83.0 59.0 127 127 209 128 59 85 255 0 0 0 37.969528 23.740669 325.4 331.6 20.7 
20:23:58.249 30.0 6.4 2.8 1.7 160.0 316.7 -197.8 322.2 3.0 86.0 59.0 127 127 255 127 59 85 255 0 0 0 37.969528 23.740669 325.4 331.6 20.7 
20:23:58.758 30.0 6.4 2.9 -5.6 159.0 305.5 -197.8 321.2 4.0 85.0 59.0 127 127 255 127 59 85 255 0 0 0 37.969528 23.740669 325.4 331.6 20.7 
20:23:59.264 67.0 6.9 1.2 6.9 158.0 302.3 -197.8 320.2 5.0 86.0 59.0 127 127 128 127 59 85 255 0 0 0 37.969528 23.740669 325.4 331.6 20.7 
20:23:59.773 67.0 6.9 -6.9 -8.3 162.0 296.6 -197.8 324.2 1.0 86.0 19.0 127 127 47 127 59 85 255 0 0 0 37.969528 23.740669 325.4 331.6 20.7 
20:24:00.280 84.0 7.2 -7.1 3.6 158.0 300.5 -197.8 320.2 5.0 86.0 19.0 127 127 47 127 59 85 255 0 0 0 37.969528 23.740669 325.4 331.6 20.7 
20:24:00.787 84.0 7.2 -6.6 1.5 158.0 271.6 -197.8 320.2 5.0 86.0 9.0 127 127 18 127 59 85 255 0 0 0 37.969528 23.740669 325.4 331.6 20.7 
20:24:01.296 79.0 7.1 -3.0 3.0 155.0 285.8 -197.8 317.2 8.0 84.0 0 127 127 8 127 59 85 255 0 0 0 37.969528 23.740669 325.4 331.6 20.7 
20:24:01.809 79.0 7.1 -5.8 2.8 157.0 284.2 -197.8 319.2 6.0 91.0 0 110 127 8 127 59 85 255 0 0 0 37.969699 23.740493 313.2 101.7 5.6 
20:24:02.318 81.0 7.1 -7.3 23.8 116.0 273.8 -197.8 279.2 -13.0 100.0 0 68 127 8 127 59 85 255 0 0 0 37.969699 23.740493 265.4 101.7 5.6 
20:24:02.829 81.0 7.1 -10.8 26.7 37.0 182.7 -197.8 201.2 -22.0 109.0 0 43 127 8 127 59 85 255 0 0 0 37.969699 23.740493 178.6 101.7 5.6 
20:24:03.338 81.0 7.1 -5.7 8.3 11.0 150.8 -197.8 173.2 -17.0 101.0 16.0 65 127 38 127 59 85 255 0 0 0 37.969699 23.740493 156.2 101.7 5.6 
20:24:03.844 81.0 7.1 2.8 4.5 8.0 156.9 -197.8 170.2 -18.0 101.0 16.0 65 127 38 127 59 85 255 0 0 0 37.969699 23.740493 152.2 101.7 5.6 
20:24:04.351 81.0 7.1 4.1 4.6 8.0 157.9 -197.8 170.2 -18.0 101.0 20.0 67 127 49 127 59 85 255 0 0 0 37.969699 23.740493 152.2 101.7 5.6 
20:24:04.862 81.0 7.1 11.8 3.8 8.0 152.0 -197.8 170.2 -8.0 88.0 31.0 127 127 69 127 59 85 255 0 0 0 37.969699 23.740493 161.8 101.7 5.6 
20:24:05.368 75.0 7.1 5.6 3.7 4.0 142.3 -197.8 166.2 -6.0 91.0 32.0 102 127 71 127 59 85 255 0 0 0 37.969699 23.740493 160.2 101.7 5.6 
20:24:05.877 75.0 7.1 6.6 7.3 348.0 143.7 -197.8 151.2 -7.0 94.0 37.0 93 127 79 127 59 85 255 0 0 0 37.969699 23.740493 143.6 101.7 5.6 
20:24:06.387 75.0 7.1 6.8 7.9 325.0 116.4 -197.8 128.2 -9.0 94.0 39.0 93 127 81 127 59 85 255 0 0 0 37.969699 23.740493 118.6 101.7 5.6 
20:24:06.894 75.0 7.1 6.7 3.9 294.0 124.7 -197.8 96.2 5.0 86.0 38.0 127 127 80 127 59 85 255 0 0 0 37.969699 23.740493 101.6 101.7 5.6 
20:24:07.403 72.0 7.0 3.3 -9.5 325.0 124.8 -197.8 127.2 -8.0 88.0 38.0 127 127 80 127 59 85 255 0 0 0 37.969699 23.740493 119.0 101.7 5.6 
20:24:07.909 72.0 7.0 4.4 3.2 316.0 111.5 -197.8 119.2 9.0 78.0 38.0 166 127 80 127 59 85 255 0 0 0 37.969699 23.740493 128.8 101.7 5.6 
20:24:08.419 77.0 7.1 1.7 -9.9 350.0 134.8 -197.8 151.2 6.0 78.0 38.0 169 127 80 127 59 85 255 0 0 0 37.969699 23.740493 157.8 101.7 5.6 
20:24:08.929 77.0 7.1 5.0 1.9 354.0 136.3 -197.8 156.2 1.0 86.0 45.0 127 127 90 127 59 85 255 0 0 0 37.969699 23.740493 157.8 101.7 5.6 
20:24:09.436 67.0 6.9 9.4 3.8 346.0 121.6 -197.8 149.2 8.0 84.0 51.0 127 127 98 127 59 85 255 0 0 0 37.969699 23.740493 157.8 101.7 5.6 
20:24:09.943 67.0 6.9 7.9 6.3 346.0 138.1 -197.8 148.2 9.0 84.0 51.0 127 127 98 127 59 85 255 0 0 0 37.969699 23.740493 157.8 101.7 5.6 
20:24:10.453 70.0 7.0 11.4 -0.7 351.0 136.1 -197.8 152.2 -6.0 91.0 51.0 105 127 98 127 59 85 255 0 0 0 37.969699 23.740493 146.2 101.7 5.6 
20:24:10.960 70.0 7.0 5.9 29.0 304.0 94.6 -197.8 107.2 -2.0 91.0 51.0 106 127 98 127 59 85 255 0 0 0 37.969699 23.740493 105.2 101.7 5.6 
20:24:11.468 70.0 7.0 3.1 32.0 251.0 36.5 -197.8 55.2 -3.0 93.0 51.0 94 127 98 127 59 85 255 0 0 0 37.969699 23.740493 51.8 101.7 5.6 
20:24:11.976 70.0 7.0 1.8 32.6 199.0 347.6 -197.8 3.2 -6.0 92.0 51.0 100 127 98 127 59 85 255 0 0 0 37.969699 23.740493 -3.0 101.7 5.6 
20:24:12.483 70.0 7.0 3.8 -0.7 183.0 322.4 -197.8 344.2 8.0 83.0 51.0 127 127 98 127 59 85 255 0 0 0 37.969699 23.740493 352.2 101.7 5.6 
20:24:12.992 70.0 7.0 4.6 8.9 180.0 338.5 -197.8 342.2 10.0 83.0 51.0 127 127 98 127 59 85 255 0 0 0 37.969699 23.740493 352.2 101.7 5.6 
20:24:13.500 72.0 7.0 1.6 2.7 185.0 335.3 -197.8 347.2 5.0 86.0 51.0 127 127 98 127 59 85 255 0 0 0 37.969699 23.740493 352.2 101.7 5.6 
20:24:14.009 72.0 7.0 3.6 -6.6 189.0 338.1 -197.8 351.2 1.0 86.0 51.0 127 127 98 127 59 85 255 0 0 0 37.969699 23.740493 352.2 101.7 5.6 
20:24:14.520 72.0 7.0 3.6 4.4 181.0 332.3 -197.8 342.2 10.0 81.0 51.0 127 127 98 127 59 85 255 0 0 0 37.969699 23.740493 352.2 101.7 5.6 
20:24:15.027 72.0 7.0 2.5 9.0 181.0 322.5 -197.8 344.2 8.0 84.0 51.0 127 127 98 127 59 85 255 0 0 0 37.969699 23.740493 352.2 101.7 5.6 
20:24:15.535 70.0 7.0 1.2 -3.5 189.0 16.6 -197.8 351.2 1.0 86.0 51.0 127 127 98 127 59 85 255 0 0 0 37.969699 23.740493 352.2 101.7 5.6 
20:24:16.045 70.0 7.0 1.7 2.1 180.0 326.7 -197.8 341.2 11.0 81.0 51.0 122 127 98 127 59 85 255 0 0 0 37.969699 23.740493 352.2 101.7 5.6 
20:24:16.552 60.0 6.8 -0.6 6.1 182.0 357.1 -197.8 345.2 7.0 85.0 51.0 112 127 98 127 59 85 255 0 0 0 37.969699 23.740493 352.2 101.7 5.6 
20:24:17.060 60.0 6.8 2.8 34.6 138.0 275.6 -197.8 301.2 -13.0 100.0 51.0 71 127 98 127 59 85 255 0 0 0 37.969699 23.740493 287.4 101.7 5.6 
20:24:17.568 44.0 6.6 4.6 22.6 102.0 261.4 -197.8 265.2 8.0 84.0 51.0 127 127 98 127 59 85 255 0 0 0 37.969699 23.740493 273.8 101.7 5.6 
20:24:18.079 44.0 6.6 2.9 34.3 71.0 203.7 -197.8 234.2 -15.0 100.0 51.0 71 127 98 127 59 85 255 0 0 0 37.969699 23.740493 218.4 101.7 5.6 
20:24:18.587 65.0 6.9 4.6 29.0 25.0 205.4 -197.8 187.2 9.0 84.0 51.0 119 127 98 127 59 85 255 0 0 0 37.969699 23.740493 196.2 101.7 5.6 
20:24:19.097 65.0 6.9 2.3 21.0 18.0 149.4 -197.8 182.2 -5.0 95.0 51.0 87 127 98 127 59 85 255 0 0 0 37.969699 23.740493 176.4 101.7 5.6 
20:24:19.606 67.0 6.9 3.6 17.4 344.0 139.5 -197.8 145.2 10.0 83.0 51.0 127 127 98 127 59 85 255 0 0 0 37.969699 23.740493 155.6 101.7 5.6 
20:24:20.114 67.0 6.9 2.7 4.7 350.0 139.5 -197.8 153.2 2.0 86.0 51.0 127 127 98 127 59 85 255 0 0 0 37.969699 23.740493 155.6 101.7 5.6 
20:24:20.624 68.0 7.0 6.4 5.0 343.0 124.8 -197.8 145.2 10.0 82.0 59.0 127 127 115 127 59 85 255 0 0 0 37.969699 23.740493 155.6 101.7 5.6 
20:24:21.134 68.0 7.0 6.8 10.4 342.0 125.3 -197.8 145.2 10.0 83.0 59.0 127 127 123 127 59 85 255 0 0 0 37.969699 23.740493 155.6 101.7 5.6 
20:24:21.642 67.0 6.9 5.3 -1.0 355.0 141.5 -197.8 157.2 -1.0 86.0 59.0 127 127 128 127 59 85 255 0 0 0 37.969699 23.740493 155.6 101.7 5.6 
20:24:22.149 67.0 6.9 6.6 15.6 339.0 128.0 -197.8 142.2 13.0 82.0 59.0 127 127 187 127 59 85 255 0 0 0 37.969699 23.740493 155.6 101.7 5.6 
20:24:22.657 67.0 6.9 4.7 -2.4 355.0 141.3 -197.8 157.2 -1.0 86.0 59.0 127 127 210 127 59 85 255 0 0 0 37.969699 23.740493 155.6 101.7 5.6 
20:24:23.164 67.0 6.9 5.0 9.3 346.0 142.4 -197.8 148.2 7.0 85.0 59.0 127 127 178 127 59 85 255 0 0 0 37.969699 23.740493 155.6 101.7 5.6 
20:24:23.673 63.0 6.9 3.6 -2.3 350.0 136.6 -197.8 152.2 3.0 86.0 37.0 127 127 78 127 59 85 255 0 0 0 37.969699 23.740493 155.6 101.7 5.6 
20:24:24.183 63.0 6.9 -2.4 0.1 346.0 138.0 -197.8 147.2 8.0 84.0 30.0 127 127 68 127 59 85 255 0 0 0 37.969699 23.740493 155.6 101.7 5.6 
20:24:24.695 68.0 7.0 -3.0 5.9 347.0 135.1 -197.8 149.2 6.0 86.0 31.0 127 127 69 127 59 85 255 0 0 0 37.969642 23.740568 155.6 349.3 5.4 
20:24:25.202 68.0 7.0 -1.1 -0.7 349.0 120.6 -197.8 151.2 4.0 86.0 31.0 127 127 69 127 59 85 255 0 0 0 37.969642 23.740568 155.6 349.3 5.4 
20:24:25.710 54.0 6.8 3.6 -0.4 345.0 132.7 -197.8 147.2 8.0 84.0 46.0 127 127 91 127 59 90 255 0 0 0 37.969619 23.740587 155.6 342.2 8.8 
20:24:26.221 54.0 6.8 4.4 2.4 346.0 132.1 -197.8 148.2 7.0 85.0 46.0 127 127 92 127 59 116 255 0 0 0 37.969619 23.740587 155.6 342.2 8.8 
20:24:26.728 70.0 7.0 9.3 2.0 346.0 131.9 -197.8 149.2 6.0 85.0 59.0 127 127 110 127 59 128 255 0 0 0 37.969619 23.740587 155.6 342.2 8.8 
20:24:27.238 70.0 7.0 9.2 -3.6 351.0 131.5 -197.8 153.2 2.0 86.0 59.0 127 127 128 127 59 128 255 0 0 0 37.969619 23.740587 155.6 342.2 8.8 
20:24:27.746 63.0 6.9 7.4 2.7 347.0 128.7 -197.8 149.2 6.0 86.0 59.0 127 127 158 127 59 128 255 0 0 0 37.969619 23.740587 155.6 342.2 8.8 
20:24:28.253 63.0 6.9 5.7 2.2 349.0 133.1 -197.8 151.2 4.0 86.0 59.0 127 127 220 127 59 128 255 0 0 0 37.969619 23.740587 155.6 342.2 8.8 
20:24:28.763 58.0 6.8 4.2 -5.5 349.0 133.9 -197.8 151.2 4.0 86.0 59.0 127 127 240 127 59 128 255 0 0 0 37.969619 23.740587 155.6 342.2 8.8 
20:24:29.273 58.0 6.8 5.0 6.6 349.0 135.4 -197.8 152.2 3.0 86.0 56.0 127 127 104 127 59 128 255 0 0 0 37.969619 23.740587 155.6 342.2 8.8 
20:24:29.780 47.0 6.7 -4.4 0.2 350.0 137.7 -197.8 152.2 6.0 81.0 18.0 152 127 43 127 59 128 255 0 0 0 37.969619 23.740587 158.2 342.2 8.8 
20:24:30.287 47.0 6.7 -4.8 -18.0 18.0 156.0 -197.8 179.2 5.0 81.0 37.0 154 127 79 127 59 128 255 0 0 0 37.969619 23.740587 184.2 342.2 8.8 
20:24:30.795 74.0 7.0 -2.0 -22.4 62.0 195.8 -197.8 223.2 4.0 81.0 37.0 149 127 79 127 59 128 255 0 0 0 37.969619 23.740587 227.2 342.2 8.8 
20:24:31.304 74.0 7.0 0.2 -1.4 69.0 195.6 -197.8 231.2 4.0 81.0 37.0 154 127 79 127 59 128 255 0 0 0 37.969619 23.740587 235.2 342.2 8.8 
20:24:31.813 74.0 7.0 0.4 -12.4 103.0 232.0 -197.8 265.2 7.0 79.0 37.0 163 127 79 127 59 128 255 0 0 0 37.969619 23.740587 272.6 342.2 8.8 
20:24:32.322 74.0 7.0 9.0 6.9 108.0 221.4 -197.8 270.2 2.0 86.0 59.0 139 127 119 127 59 128 255 0 0 0 37.969619 23.740587 272.6 342.2 8.8 
20:24:32.828 47.0 6.7 3.2 -21.8 132.0 241.8 -197.8 293.2 39.0 49.0 59.0 245 127 126 127 59 128 255 0 0 0 37.969619 23.740587 332.6 342.2 8.8 
20:24:33.337 47.0 6.7 4.5 -8.9 176.0 352.0 -197.8 338.2 -5.0 86.0 59.0 148 127 127 127 59 128 255 0 0 0 37.969619 23.740587 333.0 342.2 8.8 
20:24:33.845 65.0 6.9 1.3 -18.6 187.0 341.6 -197.8 347.2 7.0 77.0 59.0 171 127 127 127 59 128 255 0 0 0 37.969619 23.740587 355.0 342.2 8.8 
20:24:34.354 65.0 6.9 6.1 9.8 184.0 341.2 -197.8 346.2 8.0 86.0 59.0 130 127 127 127 59 128 255 0 0 0 37.969619 23.740587 355.0 342.2 8.8 
20:24:34.861 67.0 6.9 5.8 -7.6 192.0 346.5 -197.8 354.2 0 86.0 59.0 127 127 127 127 59 128 255 0 0 0 37.969619 23.740587 355.0 342.2 8.8 
20:24:35.370 67.0 6.9 5.2 9.8 179.0 321.1 -197.8 340.2 14.0 80.0 59.0 127 127 127 127 59 128 255 0 0 0 37.969619 23.740587 355.0 342.2 8.8 
20:24:35.881 63.0 6.9 2.0 8.5 184.0 342.8 -197.8 347.2 7.0 86.0 59.0 127 127 127 127 59 128 255 0 0 0 37.969619 23.740587 355.0 342.2 8.8 
20:24:36.391 60.0 6.8 3.0 -9.6 197.0 328.7 -197.8 359.2 -4.0 86.0 59.0 127 127 127 127 59 128 255 0 0 0 37.969619 23.740587 355.0 342.2 8.8 
20:24:36.899 60.0 6.8 5.2 4.3 192.0 10.5 -197.8 354.2 0 86.0 59.0 127 127 127 127 59 128 255 0 0 0 37.969585 23.740568 355.0 355.2 12.0 
20:24:37.409 46.0 6.6 3.0 12.3 185.0 339.6 -197.8 347.2 7.0 85.0 59.0 127 127 127 127 59 128 255 0 0 0 37.969585 23.740568 355.0 355.2 12.0 
20:24:37.916 46.0 6.6 0.7 -8.4 196.0 344.4 -197.8 358.2 -3.0 86.0 59.0 127 127 127 127 59 128 255 0 0 0 37.969585 23.740568 355.0 355.2 12.0 
20:24:38.426 63.0 6.9 5.8 11.4 191.0 340.2 -197.8 353.2 1.0 86.0 59.0 127 127 126 127 59 128 255 0 0 0 37.969585 23.740568 355.0 355.2 12.0 
20:24:38.934 63.0 6.9 -5.2 6.0 186.0 324.8 -197.8 348.2 6.0 85.0 27.0 127 127 62 127 59 128 255 0 0 0 37.969585 23.740568 355.0 355.2 12.0 
20:24:39.441 77.0 7.1 -6.5 -7.5 199.0 348.6 -197.8 1.2 -7.0 87.0 11.0 127 127 23 127 59 128 255 0 0 0 37.969585 23.740568 355.0 355.2 12.0 
20:24:39.950 77.0 7.1 -8.4 3.9 193.0 349.3 -197.8 356.2 -1.0 86.0 0 118 127 7 127 59 128 255 0 0 0 37.969585 23.740568 355.0 355.2 12.0 
20:24:40.457 77.0 7.1 -6.3 4.1 189.0 333.8 -197.8 351.2 3.0 86.0 0 113 127 7 127 59 128 255 0 0 0 37.969585 23.740568 355.0 355.2 12.0 
20:24:40.967 77.0 7.1 -8.3 24.1 156.0 283.8 -197.8 319.2 -3.0 93.0 15.0 95 127 36 127 59 128 255 0 0 0 37.969585 23.740568 310.8 355.2 12.0 
20:24:41.474 77.0 7.1 -7.0 26.7 103.0 209.9 -197.8 266.2 -7.0 95.0 15.0 85 127 36 127 59 128 255 0 0 0 37.969585 23.740568 258.4 355.2 12.0 
20:24:41.983 77.0 7.1 -7.1 12.3 67.0 198.6 -197.8 229.2 3.0 86.0 21.0 127 127 51 127 59 128 255 0 0 0 37.969585 23.740568 232.6 355.2 12.0 
20:24:42.490 75.0 7.1 1.5 5.2 67.0 212.7 -197.8 229.2 3.0 86.0 27.0 127 127 62 127 59 128 255 0 0 0 37.969585 23.740568 232.6 355.2 12.0 
20:24:42.999 75.0 7.1 6.0 5.0 65.0 196.7 -197.8 227.2 5.0 86.0 41.0 127 127 84 127 59 128 255 0 0 0 37.969585 23.740568 232.6 355.2 12.0 
20:24:43.507 39.0 6.5 9.0 0.1 68.0 205.2 -197.8 230.2 2.0 91.0 47.0 105 127 93 127 59 128 255 0 0 0 37.969585 23.740568 224.2 355.2 12.0 
20:24:44.014 39.0 6.5 5.2 25.6 25.0 164.3 -197.8 189.2 -6.0 93.0 47.0 97 127 93 127 59 128 255 0 0 0 37.969585 23.740568 182.8 355.2 12.0 
20:24:44.523 68.0 7.0 6.6 5.7 1.0 131.8 -197.8 162.2 7.0 84.0 47.0 127 127 93 127 59 128 255 0 0 0 37.969585 23.740568 169.2 355.2 12.0 
20:24:45.032 68.0 7.0 3.8 3.8 5.0 149.1 -197.8 167.2 2.0 86.0 24.0 127 127 56 127 59 128 255 0 0 0 37.969585 23.740568 169.2 355.2 12.0 
20:24:45.540 75.0 7.1 -0.1 5.9 2.0 158.2 -197.8 164.2 5.0 86.0 29.0 127 127 65 127 59 128 255 0 0 0 37.969585 23.740568 169.2 355.2 12.0 
20:24:46.047 75.0 7.1 1.1 0.0 3.0 169.3 -197.8 164.2 5.0 86.0 30.0 127 127 68 127 59 128 255 0 0 0 37.969585 23.740568 169.2 355.2 12.0 
20:24:46.555 74.0 7.0 4.7 2.6 2.0 140.3 -197.8 164.2 5.0 86.0 35.0 127 127 76 127 59 128 255 0 0 0 37.969585 23.740568 169.2 355.2 12.0 
20:24:47.063 74.0 7.0 1.0 2.9 2.0 155.8 -197.8 164.2 5.0 86.0 16.0 127 127 39 127 59 128 255 0 0 0 37.969585 23.740568 169.2 355.2 12.0 
20:24:47.571 77.0 7.1 -2.8 5.0 3.0 154.6 -197.8 165.2 4.0 86.0 0 127 127 1 128 59 128 255 0 0 0 37.969585 23.740568 169.2 355.2 12.0 
20:24:48.079 77.0 7.1 -4.5 4.7 3.0 147.9 -197.8 165.2 4.0 86.0 0 127 127 1 127 59 128 255 0 0 0 37.969585 23.740568 169.2 355.2 12.0 
20:24:48.587 79.0 7.1 3.1 4.2 3.0 141.3 -197.8 165.2 4.0 86.0 0 127 127 1 127 59 128 255 0 0 0 37.969585 23.740568 169.2 355.2 12.0 
20:24:49.094 79.0 7.1 3.3 4.1 4.0 140.8 -197.8 166.2 3.0 86.0 0 127 127 1 127 59 128 255 0 0 0 37.969585 23.740568 169.2 355.2 12.0 
20:24:49.602 79.0 7.1 3.4 4.1 4.0 141.8 -197.8 166.2 3.0 86.0 0 127 127 1 127 59 128 255 0 0 0 37.969585 23.740568 169.2 355.2 12.0 
20:24:50.111 79.0 7.1 3.3 4.2 4.0 141.3 -197.8 166.2 3.0 86.0 0 127 127 1 127 59 128 255 0 0 0 37.969585 23.740568 169.2 355.2 12.0 
20:24:50.619 79.0 7.1 3.4 4.1 4.0 141.3 -197.8 166.2 3.0 86.0 0 127 127 1 127 59 128 255 0 0 0 37.969585 23.740568 169.2 355.2 12.0 
20:24:51.129 79.0 7.1 3.4 4.2 4.0 141.4 -197.8 166.2 3.0 86.0 0 127 127 1 127 59 128 255 0 0 0 37.969585 23.740568 169.2 355.2 12.0 
20:24:51.637 81.0 7.1 3.3 4.2 4.0 141.6 -197.8 166.2 3.0 86.0 0 127 127 1 127 59 128 255 0 0 0 37.969585 23.740568 169.2 355.2 12.0 
20:24:52.145 81.0 7.1 3.3 4.3 4.0 141.1 -197.8 166.2 3.0 86.0 0 127 127 1 127 59 128 255 0 0 0 37.969585 23.740568 169.2 355.2 12.0 
20:24:52.653 79.0 7.1 3.3 4.2 4.0 141.3 -197.8 166.2 3.0 86.0 0 127 127 1 127 59 128 255 0 0 0 37.969585 23.740568 169.2 355.2 12.0 
20:24:53.162 79.0 7.1 3.4 4.1 4.0 142.3 -197.8 166.2 3.0 86.0 0 127 127 1 127 59 128 255 0 0 0 37.969585 23.740568 169.2 355.2 12.0 
20:24:53.672 79.0 7.1 3.3 4.1 5.0 141.2 -197.8 167.2 2.0 86.0 0 127 127 1 127 59 128 255 0 0 0 37.969676 23.740499 169.2 69.3 5.4 
20:24:54.182 79.0 7.1 3.4 4.1 5.0 141.2 -197.8 167.2 2.0 86.0 0 127 127 1 127 59 128 255 0 0 0 37.969676 23.740499 169.2 69.3 5.4 
20:24:54.691 81.0 7.1 3.3 4.1 5.0 141.2 -197.8 167.2 2.0 86.0 0 127 127 1 127 59 128 255 0 0 0 37.969676 23.740499 169.2 69.3 5.4 
20:24:55.199 81.0 7.1 3.4 4.1 5.0 141.3 -197.8 167.2 2.0 86.0 0 127 127 1 127 59 128 255 0 0 0 37.969676 23.740499 169.2 69.3 5.4 
20:24:55.706 81.0 7.1 3.3 4.1 5.0 141.0 -197.8 167.2 2.0 86.0 0 127 127 1 127 59 128 255 0 0 0 37.969676 23.740499 169.2 69.3 5.4 
20:24:56.215 81.0 7.1 3.4 4.0 5.0 141.0 -197.8 167.2 2.0 86.0 0 127 127 1 127 59 128 255 0 0 0 37.969676 23.740499 169.2 69.3 5.4 
20:24:56.722 81.0 7.1 3.4 4.0 5.0 142.1 -197.8 167.2 2.0 86.0 0 127 127 1 127 59 128 255 0 0 0 37.969676 23.740499 169.2 69.3 5.4 
20:24:57.232 81.0 7.1 3.3 4.2 5.0 142.0 -197.8 167.2 2.0 86.0 0 127 127 1 127 59 128 255 0 0 0 37.969676 23.740499 169.2 69.3 5.4 
20:24:57.739 79.0 7.1 3.3 4.3 6.0 141.2 -197.8 168.2 1.0 86.0 0 127 127 1 127 59 128 255 0 0 0 37.969676 23.740499 169.2 69.3 5.4 
20:24:58.248 79.0 7.1 3.3 4.3 6.0 141.4 -197.8 168.2 1.0 86.0 0 127 127 1 127 59 128 255 0 0 0 37.969676 23.740499 169.2 69.3 5.4 
20:24:58.757 79.0 7.1 3.3 4.2 6.0 142.6 -197.8 168.2 1.0 86.0 0 127 127 1 127 59 128 255 0 0 0 37.969676 23.740499 169.2 69.3 5.4 
20:24:59.267 79.0 7.1 3.3 4.3 6.0 141.7 -197.8 168.2 1.0 86.0 0 127 127 1 127 59 128 255 0 0 0 37.969676 23.740499 169.2 69.3 5.4 
20:24:59.775 81.0 7.1 3.3 4.1 6.0 141.3 -197.8 168.2 1.0 86.0 0 127 127 1 127 59 128 255 0 0 0 37.969676 23.740499 169.2 69.3 5.4 
20:25:00.282 81.0 7.1 3.3 4.2 6.0 140.8 -197.8 168.2 1.0 86.0 0 127 127 1 127 59 128 255 0 0 0 37.969676 23.740499 169.2 69.3 5.4 
20:25:00.789 81.0 7.1 3.3 4.2 6.0 141.9 -197.8 168.2 1.0 86.0 25.0 127 127 58 127 59 128 255 0 0 0 37.969676 23.740499 169.2 69.3 5.4 
20:25:01.297 81.0 7.1 8.6 4.4 6.0 150.1 -197.8 168.2 1.0 86.0 35.0 127 127 75 127 59 128 255 0 0 0 37.969676 23.740499 169.2 69.3 5.4 
20:25:01.804 44.0 6.6 12.3 2.2 7.0 146.5 -197.8 169.2 0 86.0 45.0 127 127 90 127 59 128 255 0 0 0 37.969676 23.740499 169.2 69.3 5.4 
20:25:02.311 44.0 6.6 9.4 3.8 8.0 149.3 -197.8 170.2 -1.0 86.0 45.0 127 127 90 127 59 128 255 0 0 0 37.969676 23.740499 169.2 69.3 5.4 
20:25:02.819 74.0 7.0 7.9 2.1 7.0 142.2 -197.8 169.2 0 86.0 45.0 127 127 90 127 59 128 255 0 0 0 37.969676 23.740499 169.2 69.3 5.4 
20:25:03.329 74.0 7.0 11.1 0.8 6.0 144.4 -197.8 169.2 0 86.0 55.0 127 127 103 127 59 128 255 0 0 0 37.969676 23.740499 169.2 69.3 5.4 
20:25:03.838 70.0 7.0 8.2 1.2 6.0 130.8 -197.8 168.2 1.0 86.0 55.0 127 127 103 127 59 128 255 0 0 0 37.969676 23.740499 169.2 69.3 5.4 
20:25:04.345 70.0 7.0 11.6 0.2 4.0 131.0 -197.8 167.2 -20.0 103.0 55.0 63 127 103 127 59 128 255 0 0 0 37.969676 23.740499 146.8 69.3 5.4 
20:25:04.852 68.0 7.0 -0.0 38.9 297.0 78.1 -197.8 102.2 -37.0 121.0 29.0 21 127 66 127 59 128 255 0 0 0 37.969676 23.740499 65.2 69.3 5.4 
20:25:05.361 68.0 7.0 -14.4 38.5 195.0 330.9 -197.8 0.2 -4.0 86.0 45.0 128 128 90 127 59 128 255 0 0 0 37.969676 23.740499 -4.6 69.3 5.4 
20:25:05.870 68.0 7.0 1.1 -16.2 231.0 29.1 -197.8 33.2 -7.0 86.0 49.0 127 127 95 128 59 128 255 0 0 0 37.969676 23.740499 386.2 69.3 5.4 
20:25:06.378 68.0 7.0 -3.6 3.5 222.0 14.0 -197.8 24.2 2.0 86.0 0 127 127 1 127 59 128 255 0 0 0 37.969676 23.740499 386.2 69.3 5.4 
20:25:06.891 79.0 7.1 -4.6 2.2 220.0 10.6 -197.8 22.2 4.0 86.0 0 127 127 1 127 59 128 255 0 0 0 37.969676 23.740499 386.2 69.3 5.4 
20:25:07.400 79.0 7.1 -5.2 1.9 219.0 345.4 -197.8 21.2 5.0 86.0 0 127 127 1 127 59 128 255 0 0 0 37.969676 23.740499 386.2 69.3 5.4 
20:25:07.910 79.0 7.1 -3.9 2.3 218.0 359.1 -197.8 20.2 6.0 85.0 0 127 127 1 127 59 128 255 0 0 0 37.969676 23.740499 386.2 69.3 5.4 
20:25:08.416 79.0 7.1 -4.3 1.3 219.0 351.9 -197.8 21.2 5.0 86.0 0 127 127 1 127 59 128 255 0 0 0 37.969676 23.740499 386.2 69.3 5.4 
20:25:08.925 79.0 7.1 -2.7 1.9 219.0 6.1 -197.8 21.2 5.0 86.0 0 127 127 1 127 59 128 255 0 0 0 37.969676 23.740499 386.2 69.3 5.4 
20:25:09.433 79.0 7.1 -0.3 1.5 219.0 5.8 -197.8 21.2 5.0 86.0 0 127 127 1 127 59 128 255 0 0 0 37.969676 23.740499 386.2 69.3 5.4 
20:25:09.940 79.0 7.1 -0.1 1.7 219.0 5.7 -197.8 21.2 5.0 86.0 0 127 127 1 127 59 128 255 0 0 0 37.969676 23.740499 386.2 69.3 5.4 
20:25:10.450 79.0 7.1 -0.0 1.4 219.0 6.5 -197.8 21.2 5.0 86.0 0 127 127 1 127 59 128 255 0 0 0 37.969676 23.740499 386.2 69.3 5.4 
20:25:10.956 79.0 7.1 -0.1 1.6 219.0 6.8 -197.8 21.2 5.0 86.0 0 127 127 1 127 59 128 255 0 0 0 37.969676 23.740499 386.2 69.3 5.4 
20:25:11.464 79.0 7.1 -0.1 1.5 219.0 6.2 -197.8 21.2 5.0 86.0 0 127 127 1 127 59 128 255 0 0 0 37.969676 23.740499 386.2 69.3 5.4 
20:25:11.973 79.0 7.1 -0.1 1.6 219.0 7.7 -197.8 21.2 5.0 86.0 0 127 127 1 127 59 128 255 0 0 0 37.969676 23.740499 386.2 69.3 5.4 
20:25:12.481 79.0 7.1 -0.1 1.6 220.0 6.8 -197.8 22.2 4.0 86.0 0 127 127 1 127 59 128 255 0 0 0 37.969676 23.740499 386.2 69.3 5.4 
20:25:12.988 81.0 7.1 -0.1 1.7 220.0 5.9 -197.8 22.2 4.0 86.0 0 127 127 1 127 59 128 255 0 0 0 37.969676 23.740499 386.2 69.3 5.4 
20:25:13.496 81.0 7.1 -0.1 1.6 220.0 5.9 -197.8 22.2 4.0 86.0 0 127 127 1 128 59 128 255 0 0 0 37.969676 23.740499 386.2 69.3 5.4 
20:25:14.006 81.0 7.1 -0.1 1.6 220.0 6.4 -197.8 22.2 4.0 86.0 0 127 127 1 127 59 128 255 0 0 0 37.969669 23.740541 386.2 26.7 3.0 
20:25:14.516 81.0 7.1 -0.1 1.6 220.0 5.3 -197.8 22.2 4.0 86.0 0 127 127 1 128 59 128 255 0 0 0 37.969669 23.740541 386.2 26.7 3.0 
20:25:15.025 81.0 7.1 -0.1 1.6 220.0 5.2 -197.8 22.2 4.0 86.0 0 127 127 1 127 59 128 255 0 0 0 37.969669 23.740541 386.2 26.7 3.0 
20:25:15.533 81.0 7.1 -0.1 1.6 220.0 5.9 -197.8 22.2 4.0 86.0 0 127 127 1 127 59 128 255 0 0 0 37.969669 23.740541 386.2 26.7 3.0 
20:25:16.042 81.0 7.1 -0.2 1.5 220.0 5.3 -197.8 22.2 4.0 86.0 0 127 127 1 128 59 128 255 0 0 0 37.969669 23.740543 386.2 25.4 2.7 
20:25:16.551 81.0 7.1 -0.1 1.6 220.0 7.1 -197.8 22.2 4.0 86.0 0 127 127 1 127 59 128 255 0 0 0 37.969669 23.740543 386.2 25.4 2.7 
20:25:17.061 81.0 7.1 -0.1 1.6 221.0 5.7 -197.8 23.2 3.0 86.0 0 127 127 1 127 59 128 255 0 0 0 37.969669 23.740543 386.2 25.4 2.7 
20:25:17.572 81.0 7.1 -0.1 1.6 221.0 5.7 -197.8 23.2 3.0 86.0 15.0 127 127 36 128 59 128 255 0 0 0 37.969669 23.740543 386.2 25.4 2.7 
20:25:18.084 81.0 7.1 10.8 1.3 220.0 354.2 -197.8 22.2 4.0 86.0 39.0 127 127 81 132 59 128 255 0 0 0 37.969669 23.740543 386.2 25.4 2.7 
20:25:18.592 81.0 7.1 5.7 -10.5 247.0 37.1 -197.8 48.2 50.0 42.0 52.0 255 127 99 130 59 128 255 0 0 0 37.969669 23.740543 99.0 25.4 2.7 
20:25:19.102 65.0 6.9 8.2 -23.8 328.0 104.4 -197.8 129.2 4.0 78.0 59.0 167 127 122 127 59 128 255 0 0 0 37.969676 23.740545 133.8 30.4 2.0 
20:25:19.609 65.0 6.9 6.9 -23.0 12.0 141.5 -197.8 173.2 0 86.0 59.0 127 127 122 127 59 128 255 0 0 0 37.969676 23.740545 172.8 30.4 2.0 
20:25:20.119 68.0 7.0 9.6 7.1 5.0 142.9 -197.8 168.2 4.0 86.0 59.0 127 127 122 127 59 128 255 0 0 0 37.969676 23.740545 172.8 30.4 2.0 
20:25:20.626 68.0 7.0 7.4 -6.6 9.0 135.6 -197.8 170.2 2.0 86.0 59.0 127 127 232 127 59 128 255 0 0 0 37.969676 23.740545 172.8 30.4 2.0 
20:25:21.133 68.0 7.0 6.4 5.0 360.0 113.4 -197.8 161.2 11.0 82.0 59.0 127 127 255 127 59 128 255 0 0 0 37.969676 23.740545 172.8 30.4 2.0 
20:25:21.643 68.0 7.0 9.8 8.8 1.0 113.3 -197.8 163.2 9.0 84.0 59.0 127 127 255 127 59 128 255 0 0 0 37.969676 23.740545 172.8 30.4 2.0 
20:25:22.152 58.0 6.8 5.3 -6.5 10.0 134.1 -197.8 172.2 0 86.0 59.0 127 127 255 127 59 182 255 0 0 0 37.969676 23.740545 172.8 30.4 2.0 
20:25:22.660 58.0 6.8 4.5 -3.9 3.0 138.3 -197.8 165.2 7.0 85.0 59.0 127 127 255 127 59 228 255 0 0 0 37.969676 23.740545 172.8 30.4 2.0 
20:25:23.167 68.0 7.0 5.7 4.7 1.0 133.2 -197.8 162.2 27.0 63.0 53.0 216 126 101 127 59 228 255 0 0 0 37.969593 23.740631 189.8 329.8 13.0 
20:25:23.674 68.0 7.0 -10.9 -33.0 84.0 176.3 -197.8 244.2 44.0 42.0 39.0 255 127 81 127 59 228 255 0 0 0 37.969593 23.740631 289.0 329.8 13.0 
20:25:24.183 65.0 6.9 9.9 -11.1 108.0 231.4 -197.8 270.2 24.0 66.0 59.0 204 127 137 122 59 228 255 0 0 0 37.969593 23.740631 294.2 329.8 13.0 
20:25:24.690 65.0 6.9 9.1 -5.4 135.0 252.6 -197.8 297.2 0 86.0 59.0 127 127 137 127 59 228 255 0 0 0 37.969593 23.740631 296.6 329.8 13.0 
20:25:25.199 65.0 6.9 1.4 -26.5 166.0 298.9 -197.8 327.2 8.0 80.0 59.0 139 127 137 127 59 228 255 0 0 0 37.969593 23.740631 335.6 329.8 13.0 
20:25:25.708 65.0 6.9 2.8 -12.8 184.0 319.1 -197.8 344.2 3.0 81.0 59.0 155 127 137 127 59 228 255 0 0 0 37.969593 23.740631 347.2 329.8 13.0 
20:25:26.215 60.0 6.8 7.3 16.6 177.0 277.5 -197.8 340.2 7.0 85.0 59.0 127 127 137 127 59 228 255 0 0 0 37.969593 23.740631 347.2 329.8 13.0 
20:25:26.723 60.0 6.8 6.3 -10.6 189.0 324.0 -197.8 350.2 28.0 59.0 59.0 223 127 137 127 59 228 255 0 0 0 37.969593 23.740631 378.6 329.8 13.0 
20:25:27.230 37.0 6.5 5.1 16.8 186.0 301.5 -197.8 348.2 9.0 84.0 59.0 127 127 137 127 59 228 255 0 0 0 37.969593 23.740631 357.2 329.8 13.0 
20:25:27.738 37.0 6.5 5.6 -1.7 193.0 320.9 -197.8 356.2 1.0 86.0 59.0 139 127 137 127 59 228 255 0 0 0 37.969593 23.740631 357.2 329.8 13.0 
20:25:28.244 63.0 6.9 0.4 -19.5 208.0 15.2 -197.8 9.2 4.0 80.0 59.0 158 127 137 127 59 228 255 0 0 0 37.969593 23.740631 13.4 329.8 13.0 
20:25:28.754 63.0 6.9 4.4 13.7 205.0 325.2 -197.8 8.2 8.0 84.0 59.0 127 127 137 127 59 228 255 0 0 0 37.969593 23.740631 16.2 329.8 13.0 
20:25:29.267 63.0 6.9 2.0 -5.6 213.0 338.0 -197.8 16.2 0 86.0 59.0 127 127 137 127 59 228 255 0 0 0 37.969593 23.740631 16.2 329.8 13.0 
20:25:29.777 63.0 6.9 2.6 2.1 206.0 332.5 -197.8 7.2 9.0 82.0 59.0 127 127 137 127 59 228 255 0 0 0 37.969593 23.740631 16.2 329.8 13.0 
20:25:30.283 65.0 6.9 1.7 15.0 201.0 316.3 -197.8 4.2 12.0 82.0 59.0 127 127 137 127 59 228 255 0 0 0 37.969593 23.740631 16.2 329.8 13.0 
20:25:30.794 65.0 6.9 1.0 -1.5 210.0 8.7 -197.8 13.2 3.0 86.0 59.0 127 127 137 127 59 228 255 0 0 0 37.969593 23.740631 16.2 329.8 13.0 
20:25:31.303 63.0 6.9 2.7 -2.2 205.0 328.8 -197.8 6.2 10.0 82.0 59.0 127 127 137 127 59 228 255 0 0 0 37.969593 23.740631 16.2 329.8 13.0 
20:25:31.811 63.0 6.9 2.6 15.6 203.0 325.1 -197.8 5.2 11.0 83.0 59.0 127 127 137 127 59 228 255 0 0 0 37.969776 23.740495 16.2 150.1 10.7 
20:25:32.319 63.0 6.9 -2.1 -1.7 212.0 336.1 -197.8 14.2 2.0 86.0 59.0 127 127 126 127 59 228 255 0 0 0 37.969776 23.740495 16.2 150.1 10.7 
20:25:32.827 63.0 6.9 -1.8 -0.8 209.0 341.6 -197.8 12.2 -11.0 94.0 46.0 91 127 91 127 59 228 255 0 0 0 37.969776 23.740495 0.6 150.1 10.7 
20:25:33.333 67.0 6.9 -2.6 42.3 154.0 260.6 -197.8 317.2 -14.0 103.0 44.0 61 127 89 127 59 228 255 0 0 0 37.969776 23.740495 302.8 150.1 10.7 
20:25:33.843 67.0 6.9 -3.0 43.1 93.0 226.3 -197.8 257.2 -19.0 104.0 41.0 56 127 85 127 59 228 255 0 0 0 37.969776 23.740495 237.6 150.1 10.7 
20:25:34.352 70.0 7.0 -4.7 42.5 25.0 172.2 -197.8 189.2 -6.0 94.0 42.0 93 127 86 127 59 228 255 0 0 0 37.969776 23.740495 182.6 150.1 10.7 
20:25:34.861 70.0 7.0 9.1 0.1 16.0 142.2 -197.8 178.2 4.0 85.0 59.0 127 127 126 127 59 228 255 0 0 0 37.969776 23.740495 182.6 150.1 10.7 
20:25:35.371 65.0 6.9 8.0 8.4 8.0 135.8 -197.8 169.2 13.0 81.0 59.0 127 127 128 127 59 228 255 0 0 0 37.969776 23.740495 182.6 150.1 10.7 
20:25:35.878 65.0 6.9 8.2 3.9 16.0 138.5 -197.8 179.2 3.0 86.0 59.0 127 127 128 127 59 228 255 0 0 0 37.969776 23.740495 182.6 150.1 10.7 
20:25:36.385 63.0 6.9 4.3 -8.3 18.0 142.2 -197.8 180.2 2.0 86.0 59.0 127 127 128 127 59 228 255 0 0 0 37.969776 23.740495 182.6 150.1 10.7 
20:25:36.893 63.0 6.9 6.9 12.4 7.0 137.4 -197.8 169.2 13.0 82.0 59.0 127 127 128 127 59 228 255 0 0 0 37.969776 23.740495 182.6 150.1 10.7 
20:25:37.401 60.0 6.8 5.4 1.9 18.0 142.8 -197.8 180.2 2.0 86.0 59.0 127 127 128 127 59 228 255 0 0 0 37.969776 23.740495 182.6 150.1 10.7 
20:25:37.907 60.0 6.8 7.8 -0.9 14.0 134.6 -197.8 176.2 6.0 84.0 59.0 127 127 128 127 59 228 255 0 0 0 37.969776 23.740495 182.6 150.1 10.7 
20:25:38.415 63.0 6.9 5.5 13.1 7.0 131.3 -197.8 169.2 13.0 82.0 59.0 127 127 196 127 59 228 255 0 0 0 37.969776 23.740495 182.6 150.1 10.7 
20:25:38.924 63.0 6.9 5.7 4.1 17.0 137.7 -197.8 180.2 2.0 86.0 59.0 127 127 255 127 59 228 255 0 0 0 37.969776 23.740495 182.6 150.1 10.7 
20:25:39.433 49.0 6.7 4.2 -12.9 19.0 133.0 -197.8 180.2 2.0 86.0 59.0 127 127 255 127 59 228 255 0 0 0 37.969776 23.740495 182.6 150.1 10.7 
20:25:39.943 49.0 6.7 5.3 13.7 10.0 130.9 -197.8 172.2 10.0 85.0 59.0 127 127 255 127 59 228 255 0 0 0 37.969776 23.740495 182.6 150.1 10.7 
20:25:40.456 61.0 6.9 5.9 -3.2 20.0 145.8 -197.8 182.2 0 86.0 59.0 127 127 255 127 59 228 255 0 0 0 37.969776 23.740495 182.6 150.1 10.7 
20:25:40.962 61.0 6.9 8.8 12.1 7.0 127.7 -197.8 169.2 13.0 80.0 100.0 127 127 255 127 100 228 255 0 0 0 37.969661 23.740573 182.6 339.3 4.3 
20:25:41.473 51.0 6.7 10.8 13.5 9.0 140.8 -197.8 171.2 11.0 84.0 83.0 127 127 255 127 83 228 255 0 0 0 37.969661 23.740573 182.6 339.3 4.3 
20:25:41.980 51.0 6.7 5.6 -1.4 18.0 151.7 -197.8 180.2 2.0 86.0 86.0 127 127 255 127 86 228 255 0 0 0 37.969661 23.740573 182.6 339.3 4.3 
20:25:42.486 49.0 6.7 5.6 2.1 9.0 118.5 -197.8 171.2 11.0 81.0 80.0 127 127 255 127 80 228 255 0 0 0 37.969661 23.740573 182.6 339.3 4.3 
20:25:42.994 49.0 6.7 4.4 14.9 8.0 129.6 -197.8 170.2 12.0 83.0 80.0 127 127 202 126 80 228 255 0 0 0 37.969661 23.740573 182.6 339.3 4.3 
20:25:43.503 35.0 6.5 3.3 -3.6 17.0 143.2 -197.8 180.2 2.0 86.0 80.0 127 127 159 120 80 228 255 0 0 0 37.969661 23.740573 182.6 339.3 4.3 
20:25:44.012 35.0 6.5 -2.8 -6.0 15.0 137.5 -197.8 177.2 5.0 85.0 39.0 127 127 81 124 80 228 255 0 0 0 37.969661 23.740573 182.6 339.3 4.3 
20:25:44.520 67.0 6.9 -12.0 -24.4 53.0 160.5 -197.8 212.2 42.0 42.0 0 255 127 2 127 80 228 255 0 0 0 37.969661 23.740573 255.0 339.3 4.3 
20:25:45.028 67.0 6.9 -12.9 -35.5 133.0 233.0 -197.8 293.2 7.0 85.0 10.0 127 127 22 127 80 228 255 0 0 0 37.969661 23.740573 300.8 339.3 4.3 
20:25:45.538 72.0 7.0 -5.6 -1.2 143.0 236.9 -197.8 305.2 -4.0 86.0 32.0 127 127 70 127 80 228 255 0 0 0 37.969661 23.740573 300.8 339.3 4.3 
20:25:46.047 72.0 7.0 13.8 4.2 138.0 239.6 -197.8 300.2 13.0 75.0 53.0 179 127 100 127 80 228 255 0 0 0 37.969661 23.740573 313.4 339.3 4.3 
20:25:46.556 58.0 6.8 3.7 -24.5 205.0 332.4 -197.8 6.2 -5.0 86.0 76.0 127 127 126 127 80 228 255 0 0 0 37.969661 23.740573 361.8 339.3 4.3 
20:25:47.063 58.0 6.8 14.4 15.9 186.0 253.4 -197.8 348.2 13.0 82.0 76.0 127 127 126 127 80 228 255 0 0 0 37.969661 23.740573 361.8 339.3 4.3 
20:25:47.571 54.0 6.8 7.9 -4.7 198.0 318.9 -197.8 0.2 1.0 86.0 76.0 127 127 126 127 80 228 255 0 0 0 37.969661 23.740573 361.8 339.3 4.3 
20:25:48.079 54.0 6.8 6.8 -8.5 195.0 339.6 -197.8 357.2 4.0 86.0 76.0 127 127 126 127 80 228 255 0 0 0 37.969661 23.740573 361.8 339.3 4.3 
20:25:48.589 54.0 6.8 3.3 13.3 189.0 291.5 -197.8 351.2 10.0 83.0 25.0 127 127 58 127 80 228 255 0 0 0 37.969661 23.740573 361.8 339.3 4.3 
20:25:49.097 54.0 6.8 -0.9 5.0 192.0 296.0 -197.8 354.2 7.0 85.0 34.0 127 127 74 127 80 228 255 0 0 0 37.969661 23.740573 361.8 339.3 4.3 
20:25:49.603 68.0 7.0 -0.5 -6.6 199.0 304.9 -197.8 0.2 1.0 86.0 38.0 127 127 80 127 80 228 255 0 0 0 37.969661 23.740573 361.8 339.3 4.3 
20:25:50.111 68.0 7.0 -1.3 8.4 187.0 299.5 -197.8 349.2 12.0 82.0 38.0 127 127 80 127 80 228 255 0 0 0 37.969661 23.740573 361.8 339.3 4.3 
20:25:50.617 67.0 6.9 -3.0 -2.6 195.0 274.1 -197.8 357.2 4.0 86.0 38.0 127 127 80 127 80 228 255 0 0 0 37.969661 23.740573 361.8 339.3 4.3 
20:25:51.129 67.0 6.9 -2.3 -3.8 193.0 315.6 -197.8 354.2 7.0 85.0 38.0 127 127 80 127 80 228 255 0 0 0 37.969661 23.740573 361.8 339.3 4.3 
20:25:51.640 68.0 7.0 -6.1 6.1 191.0 320.5 -197.8 353.2 8.0 84.0 24.0 127 127 57 127 80 228 255 0 0 0 37.969661 23.740573 361.8 339.3 4.3 
20:25:52.147 68.0 7.0 -3.3 -0.2 193.0 322.0 -197.8 355.2 6.0 85.0 24.0 127 127 57 127 80 228 255 0 0 0 37.969661 23.740573 361.8 339.3 4.3 
20:25:52.655 70.0 7.0 -3.5 1.8 190.0 254.9 -197.8 352.2 9.0 84.0 24.0 127 127 57 127 80 228 255 0 0 0 37.969661 23.740573 361.8 339.3 4.3 
20:25:53.164 70.0 7.0 -2.3 -1.7 195.0 312.4 -197.8 357.2 4.0 86.0 24.0 127 127 57 127 80 228 255 0 0 0 37.969650 23.740543 361.2 13.9 4.9 
20:25:53.673 72.0 7.0 -4.0 7.3 190.0 265.8 -197.8 352.2 9.0 84.0 24.0 127 127 57 127 80 228 255 0 0 0 37.969650 23.740543 361.2 13.9 4.9 
20:25:54.181 72.0 7.0 -5.2 -0.0 200.0 315.1 -197.8 2.2 1.0 86.0 24.0 127 127 57 127 80 228 255 0 0 0 37.969650 23.740543 364.0 13.9 4.9 
20:25:54.690 72.0 7.0 -1.7 5.6 191.0 304.8 -197.8 353.2 10.0 83.0 24.0 127 127 57 127 80 228 255 0 0 0 37.969650 23.740543 364.0 13.9 4.9 
20:25:55.197 72.0 7.0 -1.6 4.0 203.0 340.3 -197.8 5.2 -4.0 86.0 24.0 127 127 57 127 80 228 255 0 0 0 37.969650 23.740543 361.2 13.9 4.9 
20:25:55.706 72.0 7.0 -2.4 7.1 196.0 288.0 -197.8 358.2 3.0 86.0 24.0 138 127 57 127 80 228 255 0 0 0 37.969650 23.740543 361.2 13.9 4.9 
20:25:56.214 72.0 7.0 -1.2 2.7 196.0 319.7 -197.8 358.2 6.0 81.0 24.0 149 127 57 127 80 228 255 0 0 0 37.969650 23.740543 364.2 13.9 4.9 
20:25:56.721 72.0 7.0 -0.1 -3.9 216.0 327.3 -197.8 18.2 4.0 81.0 24.0 156 127 57 127 80 228 255 0 0 0 37.969650 23.740543 22.2 13.9 4.9 
20:25:57.231 72.0 7.0 -4.0 -11.9 241.0 357.0 -197.8 42.2 30.0 59.0 24.0 224 128 57 127 80 228 255 0 0 0 37.969650 23.740543 72.6 13.9 4.9 
20:25:57.741 72.0 7.0 -4.7 -10.7 307.0 57.0 -197.8 108.2 3.0 81.0 25.0 151 127 58 127 80 228 255 0 0 0 37.969650 23.740543 111.2 13.9 4.9 
20:25:58.250 72.0 7.0 7.8 0.4 312.0 60.5 -197.8 114.2 -3.0 86.0 43.0 127 127 88 127 80 228 255 0 0 0 37.969650 23.740543 111.2 13.9 4.9 
20:25:58.760 65.0 6.9 9.1 -0.9 310.0 49.1 -197.8 112.2 6.0 81.0 46.0 154 127 91 127 80 228 255 0 0 0 37.969650 23.740543 118.2 13.9 4.9 
20:25:59.268 65.0 6.9 8.3 -20.0 347.0 114.3 -197.8 148.2 7.0 77.0 57.0 174 127 106 127 80 228 255 0 0 0 37.969650 23.740543 156.0 13.9 4.9 
20:25:59.776 56.0 6.8 9.6 -5.0 11.0 133.6 -197.8 173.2 22.0 68.0 56.0 200 124 104 127 80 228 255 0 0 0 37.969650 23.740543 195.8 13.9 4.9 
20:26:00.285 56.0 6.8 8.0 -1.6 51.0 170.0 -197.8 214.2 -7.0 88.0 56.0 127 127 104 127 80 228 255 0 0 0 37.969650 23.740543 207.2 13.9 4.9 
20:26:00.793 60.0 6.8 7.1 23.1 14.0 142.5 -197.8 177.2 12.0 82.0 57.0 127 127 105 127 80 228 255 0 0 0 37.969650 23.740543 189.4 13.9 4.9 
20:26:01.301 60.0 6.8 10.5 -1.1 25.0 152.5 -197.8 187.2 2.0 86.0 74.0 127 127 124 127 80 228 255 0 0 0 37.969650 23.740543 189.4 13.9 4.9 
20:26:01.808 30.0 6.4 10.1 -4.0 22.0 137.8 -197.8 183.2 6.0 84.0 80.0 127 127 142 127 80 228 255 0 0 0 37.969650 23.740543 189.4 13.9 4.9 
20:26:02.316 30.0 6.4 8.8 21.7 10.0 132.4 -197.8 173.2 16.0 79.0 80.0 127 127 168 127 80 228 255 0 0 0 37.969650 23.740543 189.4 13.9 4.9 
20:26:02.826 49.0 6.7 6.5 3.8 22.0 142.9 -197.8 185.2 4.0 86.0 80.0 127 127 255 127 80 228 255 0 0 0 37.969650 23.740543 189.4 13.9 4.9 
20:26:03.334 49.0 6.7 6.3 -14.8 26.0 142.7 -197.8 188.2 1.0 86.0 80.0 127 127 255 127 80 228 255 0 0 0 37.969650 23.740543 189.4 13.9 4.9 
20:26:03.842 54.0 6.8 7.1 14.6 12.0 135.9 -197.8 174.2 15.0 80.0 80.0 127 127 239 127 80 228 255 0 0 0 37.969650 23.740543 189.4 13.9 4.9 
20:26:04.351 54.0 6.8 6.6 15.6 17.0 126.9 -197.8 179.2 10.0 84.0 80.0 127 127 190 127 80 228 255 0 0 0 37.969650 23.740543 189.4 13.9 4.9 
20:26:04.857 39.0 6.5 4.7 -4.6 24.0 138.1 -197.8 187.2 2.0 86.0 77.0 127 127 127 127 80 228 255 0 0 0 37.969650 23.740543 189.4 13.9 4.9 
20:26:05.368 39.0 6.5 -1.0 -3.4 19.0 122.5 -197.8 180.2 9.0 82.0 48.0 130 127 94 127 80 228 255 0 0 0 37.969650 23.740543 189.4 13.9 4.9 
20:26:05.879 63.0 6.9 -10.7 -33.1 77.0 181.1 -197.8 237.2 22.0 61.0 25.0 220 127 59 127 80 228 255 0 0 0 37.969650 23.740543 259.2 13.9 4.9 
20:26:06.386 63.0 6.9 -12.5 -38.7 147.0 245.4 -197.8 307.2 25.0 63.0 32.0 214 127 70 127 80 228 255 0 0 0 37.969650 23.740543 332.8 13.9 4.9 
20:26:06.895 70.0 7.0 6.8 -25.9 215.0 358.8 -197.8 15.2 8.0 76.0 80.0 177 127 130 127 80 228 255 0 0 0 37.969650 23.740543 23.2 13.9 4.9 
20:26:07.405 70.0 7.0 0.8 -3.8 251.0 5.7 -197.8 54.2 -6.0 88.0 0 127 127 1 127 80 228 255 0 0 0 37.969650 23.740543 48.2 13.9 4.9 
20:26:07.913 67.0 6.9 -5.8 9.6 218.0 339.0 -197.8 20.2 11.0 82.0 0 127 127 1 127 80 228 255 0 0 0 37.969650 23.740543 31.2 13.9 4.9 
20:26:08.419 67.0 6.9 -5.8 2.0 224.0 352.6 -197.8 26.2 5.0 86.0 0 127 127 1 127 80 228 255 0 0 0 37.969650 23.740543 31.2 13.9 4.9 
20:26:08.926 70.0 7.0 -4.7 3.5 223.0 332.2 -197.8 25.2 6.0 85.0 13.0 127 127 31 127 80 228 255 0 0 0 37.969650 23.740543 31.2 13.9 4.9 
20:26:09.433 70.0 7.0 14.1 2.1 222.0 330.3 -197.8 24.2 7.0 85.0 77.0 127 127 127 127 80 228 255 0 0 0 37.969650 23.740543 31.2 13.9 4.9 
20:26:09.943 20.0 6.3 16.1 6.4 222.0 338.5 -197.8 24.2 7.0 85.0 77.0 127 127 127 127 80 228 255 0 0 0 37.969650 23.740543 31.2 13.9 4.9 
20:26:10.452 20.0 6.3 11.9 -2.3 228.0 327.2 -197.8 30.2 1.0 86.0 77.0 127 127 127 127 80 228 255 0 0 0 37.969650 23.740543 31.2 13.9 4.9 
20:26:10.963 21.0 6.3 9.8 7.6 217.0 325.2 -197.8 19.2 12.0 82.0 77.0 127 127 127 127 80 228 255 0 0 0 37.969650 23.740543 31.2 13.9 4.9 
20:26:11.470 21.0 6.3 7.0 2.9 224.0 335.5 -197.8 26.2 5.0 86.0 77.0 127 127 127 127 80 228 255 0 0 0 37.969650 23.740543 31.2 13.9 4.9 
20:26:11.982 49.0 6.7 3.1 -4.6 226.0 332.2 -197.8 28.2 3.0 86.0 77.0 127 127 127 127 80 228 255 0 0 0 37.969650 23.740543 31.2 13.9 4.9 
20:26:12.489 51.0 6.7 0.4 3.6 222.0 336.5 -197.8 23.2 8.0 84.0 77.0 127 127 127 127 80 228 255 0 0 0 37.969650 23.740543 31.2 13.9 4.9 
20:26:12.998 51.0 6.7 2.3 11.4 222.0 337.4 -197.8 24.2 7.0 86.0 77.0 127 127 127 127 80 228 255 0 0 0 37.969650 23.740543 31.2 13.9 4.9 
20:26:13.505 68.0 7.0 -6.6 18.5 207.0 315.8 -197.8 12.2 -13.0 94.0 0 91 127 1 127 80 228 255 0 0 0 37.969650 23.740543 2.6 13.9 4.9 
20:26:14.013 68.0 7.0 -0.5 42.4 128.0 225.2 -197.8 291.2 8.0 81.0 0 151 127 1 127 80 228 255 0 0 0 37.969650 23.740543 299.2 13.9 4.9 
20:26:14.522 51.0 6.7 2.1 11.2 141.0 247.3 -197.8 303.2 -5.0 86.0 48.0 127 127 94 127 80 228 255 0 0 0 37.969650 23.740543 297.4 13.9 4.9 
20:26:15.029 51.0 6.7 10.5 3.5 137.0 211.2 -197.8 299.2 -1.0 86.0 57.0 127 127 105 127 80 228 255 0 0 0 37.969650 23.740543 297.4 13.9 4.9 
20:26:15.538 56.0 6.8 8.3 8.9 132.0 239.4 -197.8 295.2 -14.0 99.0 57.0 73 127 105 127 80 228 255 0 0 0 37.969650 23.740543 280.6 13.9 4.9 
20:26:16.047 56.0 6.8 4.0 1.4 115.0 213.3 -197.8 277.2 3.0 85.0 57.0 127 127 106 127 80 228 255 0 0 0 37.969650 23.740543 280.2 13.9 4.9 
20:26:16.561 70.0 7.0 -4.9 10.9 118.0 245.9 -197.8 280.2 0 86.0 0 127 127 1 127 80 228 255 0 0 0 37.969650 23.740543 280.2 13.9 4.9 
20:26:17.069 70.0 7.0 -7.9 32.8 81.0 196.4 -197.8 245.2 -14.0 101.0 0 66 127 2 127 80 228 255 0 0 0 37.969650 23.740543 231.2 13.9 4.9 
20:26:17.578 70.0 7.0 -7.5 11.8 29.0 128.2 -197.8 191.2 5.0 86.0 22.0 127 127 52 127 80 228 255 0 0 0 37.969650 23.740543 196.2 13.9 4.9 
20:26:18.085 70.0 7.0 12.0 2.4 29.0 131.7 -197.8 191.2 5.0 85.0 50.0 127 127 97 127 80 228 255 0 0 0 37.969692 23.740531 196.2 75.3 2.2 
20:26:18.593 34.0 6.5 15.9 1.9 27.0 127.5 -197.8 189.2 7.0 85.0 71.0 127 127 121 127 80 228 255 0 0 0 37.969676 23.740539 196.2 38.4 2.4 
20:26:19.101 34.0 6.5 13.4 0.5 30.0 144.9 -197.8 192.2 4.0 86.0 71.0 127 127 121 127 80 228 255 0 0 0 37.969676 23.740539 196.2 38.4 2.4 
20:26:19.608 54.0 6.8 11.7 -4.1 31.0 140.1 -197.8 192.2 4.0 86.0 71.0 127 127 121 127 80 228 255 0 0 0 37.969676 23.740539 196.2 38.4 2.4 
20:26:20.118 54.0 6.8 6.9 6.4 30.0 146.9 -197.8 193.2 3.0 86.0 72.0 127 127 122 128 80 228 255 0 0 0 37.969654 23.740556 196.2 0 4.4 
20:26:20.625 23.0 6.3 7.6 -2.0 28.0 131.5 -197.8 190.2 6.0 85.0 75.0 127 127 125 127 80 228 255 0 0 0 37.969654 23.740556 196.2 0 4.4 
20:26:21.136 23.0 6.3 12.9 -5.7 40.0 142.8 -197.8 201.2 -5.0 86.0 80.0 127 127 234 127 80 228 255 0 0 0 37.969654 23.740556 196.2 0 4.4 
20:26:21.643 21.0 6.3 9.0 18.5 24.0 127.8 -197.8 186.2 10.0 83.0 80.0 127 127 238 127 80 228 255 0 0 0 37.969654 23.740556 196.2 0 4.4 
20:26:22.150 21.0 6.3 5.7 -2.3 36.0 142.6 -197.8 198.2 -2.0 86.0 80.0 127 127 238 127 80 228 255 0 0 0 37.969654 23.740556 196.2 0 4.4 
20:26:22.661 47.0 6.7 10.6 12.7 28.0 137.0 -197.8 190.2 6.0 86.0 80.0 127 127 238 127 80 228 255 0 0 0 37.969654 23.740556 196.2 0 4.4 
20:26:23.171 47.0 6.7 2.1 -13.7 35.0 145.0 -197.8 197.2 -1.0 86.0 0 122 127 12 127 80 228 255 0 0 0 37.969654 23.740556 196.2 0 4.4 
20:26:23.682 67.0 6.9 -6.4 34.5 333.0 86.0 -197.8 137.2 37.0 56.0 0 127 127 9 127 80 228 255 0 0 0 37.969654 23.740556 175.0 0 4.4 
20:26:24.190 67.0 6.9 -13.7 -20.5 69.0 160.5 -197.8 228.2 -53.0 116.0 0 125 127 9 127 80 228 255 0 0 0 37.969654 23.740556 175.0 0 4.4 
20:26:24.697 67.0 6.9 -8.3 1.6 56.0 155.7 -197.8 219.2 -29.0 106.0 0 53 127 9 127 80 228 255 0 0 0 37.969654 23.740556 195.2 0 4.4 
20:26:25.206 67.0 6.9 10.2 1.8 41.0 150.0 -197.8 203.2 10.0 77.0 55.0 170 127 103 127 80 228 255 0 0 0 37.969654 23.740556 214.0 0 4.4 
20:26:25.716 53.0 6.7 8.7 -17.0 99.0 176.5 -197.8 258.2 44.0 42.0 63.0 255 127 113 127 80 228 255 0 0 0 37.969654 23.740556 303.0 0 4.4 
20:26:26.225 53.0 6.7 7.5 -27.3 181.0 290.7 -197.8 342.2 -9.0 88.0 76.0 132 127 126 127 80 228 255 0 0 0 37.969654 23.740556 332.4 0 4.4 
20:26:26.736 46.0 6.6 6.1 -25.3 207.0 308.4 -197.8 8.2 21.0 66.0 76.0 207 127 126 127 80 228 255 0 0 0 37.969654 23.740556 29.2 0 4.4 
20:26:27.243 46.0 6.6 -2.4 4.4 227.0 352.6 -197.8 29.2 -3.0 86.0 0 127 127 1 127 80 228 255 0 0 0 37.969654 23.740556 26.2 0 4.4 
20:26:27.752 67.0 6.9 -3.2 3.4 221.0 317.2 -197.8 23.2 3.0 86.0 24.0 127 127 56 127 80 228 255 0 0 0 37.969654 23.740556 26.2 0 4.4 
20:26:28.260 67.0 6.9 0.2 2.0 219.0 323.1 -197.8 21.2 5.0 86.0 37.0 127 127 78 127 80 228 255 0 0 0 37.969654 23.740556 26.2 0 4.4 
20:26:28.770 63.0 6.9 1.3 -7.8 233.0 328.5 -197.8 35.2 -2.0 86.0 37.0 128 127 78 127 80 228 255 0 0 0 37.969654 23.740556 32.6 0 4.4 
20:26:29.279 63.0 6.9 5.6 4.6 226.0 330.5 -197.8 28.2 4.0 86.0 37.0 127 127 78 127 80 228 255 0 0 0 37.969654 23.740556 32.6 0 4.4 
20:26:29.786 63.0 6.9 3.5 0.0 225.0 328.3 -197.8 27.2 5.0 85.0 46.0 127 127 92 127 80 228 255 0 0 0 37.969654 23.740556 32.6 0 4.4 
20:26:30.294 63.0 6.9 5.2 6.8 221.0 321.0 -197.8 24.2 8.0 84.0 57.0 127 127 105 127 80 228 255 0 0 0 37.969654 23.740556 32.6 0 4.4 
20:26:30.805 49.0 6.7 15.5 2.9 225.0 323.0 -197.8 27.2 5.0 86.0 77.0 127 127 127 127 80 228 255 0 0 0 37.969654 23.740556 32.6 0 4.4 
20:26:31.312 49.0 6.7 8.2 -10.2 228.0 325.9 -197.8 29.2 3.0 86.0 77.0 127 127 127 127 80 228 255 0 0 0 37.969654 23.740556 32.6 0 4.4 
20:26:31.821 51.0 6.7 10.5 12.8 219.0 315.0 -197.8 22.2 10.0 84.0 78.0 127 127 128 128 80 228 255 0 0 0 37.969654 23.740556 32.6 0 4.4 
20:26:32.332 51.0 6.7 2.7 -1.0 228.0 336.8 -197.8 31.2 1.0 86.0 78.0 127 127 128 127 80 228 255 0 0 0 37.969654 23.740556 32.6 0 4.4 
20:26:32.841 47.0 6.7 0.2 -10.8 228.0 339.9 -197.8 29.2 3.0 86.0 40.0 127 127 83 127 80 228 255 0 0 0 37.969654 23.740556 32.6 0 4.4 
20:26:33.351 47.0 6.7 0.7 14.6 219.0 315.9 -197.8 21.2 11.0 84.0 58.0 127 127 107 127 80 228 255 0 0 0 37.969654 23.740556 32.6 0 4.4 
20:26:33.859 65.0 6.9 -3.6 4.4 227.0 340.5 -197.8 29.2 3.0 86.0 14.0 127 127 34 127 80 228 255 0 0 0 37.969654 23.740556 32.6 0 4.4 
20:26:34.366 65.0 6.9 -4.5 -1.9 225.0 334.8 -197.8 26.2 6.0 85.0 33.0 127 127 73 127 80 228 255 0 0 0 37.969654 23.740556 32.6 0 4.4 
20:26:34.873 60.0 6.8 1.8 7.9 224.0 305.2 -197.8 26.2 6.0 86.0 49.0 127 127 96 127 80 228 255 0 0 0 37.969654 23.740556 32.6 0 4.4 
20:26:35.381 60.0 6.8 6.1 -2.0 227.0 340.0 -197.8 30.2 2.0 86.0 75.0 127 127 125 127 80 228 255 0 0 0 37.969654 23.740556 32.6 0 4.4 
20:26:35.889 65.0 6.9 -4.1 -0.6 224.0 318.8 -197.8 25.2 7.0 84.0 22.0 127 127 52 127 80 228 255 0 0 0 37.969654 23.740556 32.6 0 4.4 
20:26:36.399 65.0 6.9 -10.7 5.7 227.0 330.1 -197.8 30.2 2.0 86.0 27.0 127 127 63 127 80 228 255 0 0 0 37.969654 23.740556 32.6 0 4.4 
20:26:36.908 65.0 6.9 -4.7 -4.6 226.0 327.0 -197.8 28.2 4.0 86.0 28.0 127 127 64 127 80 228 255 0 0 0 37.969654 23.740556 32.6 0 4.4 
20:26:37.417 65.0 6.9 -4.0 33.4 190.0 282.3 -197.8 354.2 -7.0 95.0 27.0 86 127 63 127 80 228 255 0 0 0 37.969654 23.740556 346.4 0 4.4 
20:26:37.925 65.0 6.9 -4.0 35.5 128.0 199.4 -197.8 291.2 -5.0 95.0 28.0 86 127 64 127 80 228 255 0 0 0 37.969654 23.740556 285.4 0 4.4 
20:26:38.432 65.0 6.9 -2.9 3.1 107.0 194.0 -197.8 269.2 6.0 85.0 27.0 121 127 63 127 80 228 255 0 0 0 37.969654 23.740556 275.8 0 4.4 
20:26:38.938 67.0 6.9 -2.8 19.3 81.0 175.5 -197.8 243.2 8.0 85.0 28.0 127 127 64 127 80 228 255 0 0 0 37.969654 23.740556 251.2 0 4.4 
20:26:39.446 67.0 6.9 -0.9 5.1 85.0 171.3 -197.8 247.2 4.0 86.0 28.0 127 127 64 127 80 228 255 0 0 0 37.969654 23.740556 251.2 0 4.4 
20:26:39.954 58.0 6.8 2.9 7.3 83.0 193.2 -197.8 245.2 6.0 85.0 28.0 127 127 64 127 80 228 255 0 0 0 37.969654 23.740556 251.2 0 4.4 
20:26:40.463 58.0 6.8 1.0 6.0 83.0 175.3 -197.8 245.2 6.0 85.0 28.0 127 127 64 127 80 228 255 0 0 0 37.969654 23.740556 251.2 0 4.4 
20:26:40.969 63.0 6.9 1.7 5.7 84.0 173.4 -197.8 246.2 5.0 86.0 28.0 127 127 64 127 80 228 255 0 0 255 37.969654 23.740556 251.2 0 4.4 
20:26:41.476 63.0 6.9 -5.0 -1.9 122.0 208.3 -197.8 283.2 77.0 56.0 0 127 127 64 127 80 228 255 0 0 255 37.969654 23.740556 0 0 4.4 
20:26:41.986 68.0 7.0 -4.8 6.2 141.0 220.9 -197.8 303.2 -166.0 116.0 0 127 127 64 127 80 228 255 0 0 255 37.969783 23.740447 136.6 136.6 13.9 
20:26:42.495 68.0 7.0 0.6 5.4 140.0 241.6 -197.8 302.2 -165.0 116.0 0 127 127 64 127 80 228 255 0 0 255 37.969783 23.740447 136.6 136.6 13.9 
20:26:43.002 68.0 7.0 1.1 5.4 140.0 241.8 -197.8 302.2 -165.0 116.0 0 127 127 64 127 80 228 255 0 0 255 37.969783 23.740447 136.6 136.6 13.9 
20:26:43.513 68.0 7.0 9.0 8.1 136.0 245.0 -197.8 299.2 -162.0 116.0 35.0 127 127 64 127 80 228 255 0 0 255 37.969783 23.740447 136.6 136.6 13.9 
20:26:44.021 63.0 6.9 2.8 12.7 90.0 185.1 -197.8 254.2 -117.0 116.0 35.0 127 127 64 127 80 228 255 0 0 255 37.969783 23.740447 136.6 136.6 13.9 
20:26:44.529 63.0 6.9 1.0 14.5 31.0 137.5 -197.8 195.2 -58.0 116.0 35.0 127 127 64 127 80 228 255 0 0 255 37.969783 23.740447 136.6 136.6 13.9 
20:26:45.037 63.0 6.9 4.9 -5.6 21.0 114.0 105.0 125.0 11.0 82.0 35.0 127 127 64 127 80 228 255 0 0 255 37.969783 23.740447 136.6 136.6 13.9 
20:26:45.546 63.0 6.9 5.9 2.8 26.0 119.2 105.0 131.0 5.0 86.0 35.0 127 127 64 127 80 228 255 0 0 255 37.969783 23.740447 136.6 136.6 13.9 
20:26:46.055 54.0 6.8 0.5 3.2 23.0 119.1 105.0 128.0 8.0 84.0 0 127 127 64 127 80 228 255 0 0 255 37.969783 23.740447 136.6 136.6 13.9 
20:26:46.566 54.0 6.8 -3.9 3.0 24.0 117.5 105.0 129.0 7.0 85.0 0 127 127 64 127 80 228 255 0 0 255 37.969783 23.740447 136.6 136.6 13.9 
20:26:47.074 70.0 7.0 4.5 2.5 24.0 130.5 105.0 129.0 7.0 85.0 0 127 127 64 127 80 228 255 0 0 255 37.969783 23.740447 136.6 136.6 13.9 
20:26:47.584 70.0 7.0 4.4 2.7 24.0 130.7 105.0 129.0 7.0 85.0 0 127 127 64 127 80 228 255 0 0 255 37.969783 23.740447 136.6 136.6 13.9 
20:26:48.093 72.0 7.0 4.5 2.7 24.0 130.5 105.0 129.0 7.0 85.0 0 127 127 64 127 80 228 255 0 0 255 37.969783 23.740447 136.6 136.6 13.9 
20:26:48.604 72.0 7.0 4.5 2.7 25.0 131.2 105.0 130.0 6.0 85.0 0 127 127 64 127 80 228 255 0 0 255 37.969783 23.740447 136.6 136.6 13.9 
20:26:49.119 70.0 7.0 4.5 2.7 25.0 130.3 105.0 130.0 6.0 85.0 0 127 127 64 127 80 228 255 0 0 255 37.969783 23.740447 136.6 136.6 13.9 
20:26:49.628 70.0 7.0 4.5 2.7 25.0 131.9 105.0 130.0 6.0 85.0 0 127 127 64 127 80 228 255 0 0 255 37.969783 23.740447 136.6 136.6 13.9 
20:26:50.140 72.0 7.0 4.5 2.7 25.0 130.1 105.0 130.0 6.0 85.0 0 127 127 64 127 80 228 255 0 0 255 37.969783 23.740447 136.6 136.6 13.9 
20:26:50.649 72.0 7.0 4.6 2.7 25.0 130.7 105.0 130.0 6.0 85.0 0 127 127 64 127 80 228 255 0 0 255 37.969783 23.740447 136.6 136.6 13.9 
20:26:51.159 72.0 7.0 4.5 2.7 25.0 130.5 105.0 130.0 6.0 85.0 0 127 127 64 127 80 228 255 0 0 255 37.969783 23.740447 136.6 136.6 13.9 
20:26:51.667 72.0 7.0 4.6 2.5 25.0 129.8 105.0 130.0 6.0 85.0 0 127 127 64 127 80 228 255 0 0 255 37.969783 23.740447 136.6 136.6 13.9 
20:26:52.175 72.0 7.0 4.5 2.7 25.0 130.9 105.0 130.0 6.0 85.0 0 127 127 64 127 80 228 255 0 0 255 37.969783 23.740447 136.6 136.6 13.9 
20:26:52.683 72.0 7.0 4.5 2.7 26.0 132.5 105.0 131.0 5.0 86.0 0 127 127 64 127 80 228 255 0 0 255 37.969783 23.740447 136.6 136.6 13.9 
20:26:53.190 72.0 7.0 4.5 2.6 26.0 130.5 105.0 131.0 5.0 86.0 0 127 127 64 127 80 228 255 0 0 255 37.969783 23.740447 136.6 136.6 13.9 
20:26:53.698 72.0 7.0 4.6 2.6 26.0 131.2 105.0 131.0 5.0 86.0 0 127 127 64 127 80 228 255 0 0 255 37.969783 23.740447 136.6 136.6 13.9 
20:26:54.205 72.0 7.0 10.5 2.8 25.0 121.9 105.0 131.0 5.0 86.0 35.0 127 127 64 127 80 228 255 0 0 255 37.969783 23.740447 136.6 136.6 13.9 
20:26:54.714 72.0 7.0 7.5 3.2 26.0 126.4 105.0 131.0 5.0 86.0 35.0 127 127 64 127 80 228 255 0 0 255 37.969783 23.740447 136.6 136.6 13.9 
20:26:55.223 63.0 6.9 6.1 2.5 24.0 127.2 105.0 129.0 7.0 85.0 35.0 127 127 64 127 80 228 255 0 0 255 37.969783 23.740447 136.6 136.6 13.9 
20:26:55.731 63.0 6.9 5.9 1.7 25.0 121.3 105.0 130.0 6.0 85.0 35.0 127 127 64 127 80 228 255 0 0 255 37.969783 23.740447 136.6 136.6 13.9 
20:26:56.240 49.0 6.7 6.0 2.1 25.0 120.3 105.0 130.0 6.0 85.0 35.0 127 127 64 127 80 228 255 0 0 255 37.969783 23.740447 136.6 136.6 13.9 
20:26:56.750 49.0 6.7 -2.9 3.0 26.0 121.2 105.0 131.0 5.0 86.0 0 127 127 64 127 80 228 255 0 0 255 37.969783 23.740447 136.6 136.6 13.9 
20:26:57.257 72.0 7.0 -2.8 2.9 26.0 129.6 105.0 131.0 5.0 86.0 0 127 127 64 127 80 228 255 0 0 255 37.969783 23.740447 136.6 136.6 13.9 
20:26:57.766 72.0 7.0 3.7 2.1 26.0 128.5 105.0 131.0 5.0 86.0 0 127 127 64 127 80 228 255 0 0 255 37.969783 23.740447 136.6 136.6 13.9 
20:26:58.273 72.0 7.0 3.9 2.2 26.0 128.2 105.0 131.0 5.0 86.0 0 127 127 64 127 80 228 255 0 0 255 37.969783 23.740447 136.6 136.6 13.9 
20:26:58.779 72.0 7.0 3.9 2.3 26.0 128.5 105.0 131.0 -1.0 86.0 0 127 127 64 127 80 228 255 0 0 255 37.969749 23.740470 129.8 129.8 9.8 
20:26:59.289 72.0 7.0 3.9 2.2 26.0 128.7 105.0 131.0 -1.0 86.0 0 127 127 64 127 80 228 255 0 0 255 37.969749 23.740470 129.8 129.8 9.8 
20:26:59.797 72.0 7.0 3.8 2.4 26.0 128.8 105.0 131.0 -1.0 86.0 0 127 127 64 127 80 228 255 0 0 255 37.969749 23.740470 129.8 129.8 9.8 
20:27:00.304 72.0 7.0 3.8 2.3 26.0 127.7 105.0 131.0 -1.0 86.0 0 127 127 64 127 80 228 255 0 0 255 37.969749 23.740470 129.8 129.8 9.8 
20:27:00.813 72.0 7.0 3.9 2.1 26.0 128.1 105.0 131.0 -1.0 86.0 0 127 127 64 127 80 228 255 0 0 255 37.969749 23.740470 129.8 129.8 9.8 
20:27:01.324 72.0 7.0 3.8 2.3 26.0 127.9 105.0 131.0 -1.0 86.0 0 127 127 64 127 80 228 255 0 0 255 37.969749 23.740470 129.8 129.8 9.8 
20:27:01.831 72.0 7.0 3.9 2.2 27.0 128.3 105.0 132.0 -2.0 86.0 0 127 127 64 127 80 228 255 0 0 255 37.969749 23.740470 129.8 129.8 9.8 
20:27:02.339 72.0 7.0 3.9 2.3 27.0 129.0 105.0 132.0 -2.0 86.0 0 127 127 64 127 80 228 255 0 0 255 37.969749 23.740470 129.8 129.8 9.8 
20:27:02.849 72.0 7.0 3.9 2.3 27.0 127.2 105.0 132.0 -2.0 86.0 0 127 127 64 127 80 228 255 0 0 255 37.969749 23.740470 129.8 129.8 9.8 
20:27:03.356 70.0 7.0 3.9 2.3 27.0 128.5 105.0 132.0 -2.0 86.0 0 127 127 64 127 80 228 255 0 0 255 37.969749 23.740470 129.8 129.8 9.8 
20:27:03.864 70.0 7.0 3.9 2.3 27.0 128.5 105.0 132.0 -2.0 86.0 0 127 127 64 127 80 228 255 0 0 255 37.969749 23.740470 129.8 129.8 9.8 
20:27:04.370 72.0 7.0 3.9 2.3 27.0 128.2 105.0 132.0 -2.0 86.0 35.0 127 127 64 127 80 228 255 0 0 255 37.969749 23.740470 129.8 129.8 9.8 
20:27:04.877 72.0 7.0 7.0 2.6 27.0 123.5 105.0 132.0 -2.0 86.0 35.0 127 127 64 127 80 228 255 0 0 255 37.969749 23.740468 129.2 129.2 9.9 
20:27:05.387 67.0 6.9 6.2 2.6 25.0 111.0 105.0 130.0 0 86.0 35.0 127 127 64 127 80 228 255 0 0 255 37.969749 23.740468 129.2 129.2 9.9 
20:27:05.894 67.0 6.9 4.9 2.2 22.0 121.7 105.0 127.0 2.0 86.0 35.0 127 127 64 127 80 228 255 0 0 255 37.969749 23.740468 129.2 129.2 9.9 
20:27:06.403 65.0 6.9 5.4 2.9 17.0 116.8 105.0 122.0 7.0 85.0 35.0 127 127 64 127 80 228 255 0 0 255 37.969749 23.740468 129.2 129.2 9.9 
20:27:06.912 65.0 6.9 5.6 -0.1 19.0 109.3 105.0 124.0 5.0 86.0 0 127 127 64 127 80 228 255 0 0 255 37.969749 23.740468 129.2 129.2 9.9 
20:27:07.420 70.0 7.0 -3.5 3.8 19.0 110.5 105.0 124.0 5.0 86.0 0 127 127 64 127 80 228 255 0 0 255 37.969749 23.740468 129.2 129.2 9.9 
20:27:07.930 70.0 7.0 -3.4 3.1 18.0 119.6 105.0 123.0 6.0 85.0 0 127 127 64 127 80 228 255 0 0 255 37.969749 23.740468 129.2 129.2 9.9 
20:27:08.439 72.0 7.0 3.5 2.2 18.0 122.8 105.0 123.0 6.0 85.0 0 127 127 64 127 80 228 255 0 0 255 37.969749 23.740468 129.2 129.2 9.9 
20:27:08.948 72.0 7.0 3.7 2.3 19.0 122.9 105.0 124.0 5.0 86.0 0 127 127 64 127 80 228 255 0 0 255 37.969749 23.740468 129.2 129.2 9.9 
20:27:09.456 72.0 7.0 3.7 2.3 19.0 123.2 105.0 124.0 5.0 86.0 0 127 127 64 127 80 228 255 0 0 255 37.969749 23.740468 129.2 129.2 9.9 
20:27:09.965 72.0 7.0 3.7 2.4 19.0 122.8 105.0 124.0 5.0 86.0 0 127 127 64 127 80 228 255 0 0 255 37.969749 23.740468 129.2 129.2 9.9 
20:27:10.474 72.0 7.0 3.7 2.2 19.0 123.3 105.0 124.0 5.0 86.0 0 127 127 64 127 80 228 255 0 0 255 37.969749 23.740468 129.2 129.2 9.9 
20:27:10.983 72.0 7.0 3.7 2.4 19.0 123.9 105.0 124.0 5.0 86.0 0 127 127 64 127 80 228 255 0 0 255 37.969749 23.740468 129.2 129.2 9.9 
20:27:11.491 72.0 7.0 3.7 2.2 19.0 123.7 105.0 124.0 5.0 86.0 0 127 127 64 127 80 228 255 0 0 255 37.969749 23.740468 129.2 129.2 9.9 
20:27:11.997 72.0 7.0 3.7 2.3 19.0 123.7 105.0 124.0 5.0 86.0 0 127 127 64 127 80 228 255 0 0 255 37.969749 23.740468 129.2 129.2 9.9 
20:27:12.504 74.0 7.0 3.7 2.3 19.0 123.8 105.0 124.0 5.0 86.0 0 127 127 64 127 80 228 255 0 0 255 37.969749 23.740468 129.2 129.2 9.9 
20:27:13.011 74.0 7.0 3.7 2.3 20.0 124.0 105.0 125.0 4.0 86.0 0 127 127 64 127 80 228 255 0 0 255 37.969749 23.740468 129.2 129.2 9.9 
20:27:13.518 74.0 7.0 3.6 2.5 20.0 123.5 105.0 125.0 4.0 86.0 0 127 127 64 127 80 228 255 0 0 255 37.969749 23.740468 129.2 129.2 9.9 
20:27:14.027 74.0 7.0 3.7 2.4 20.0 123.8 105.0 125.0 5.0 86.0 0 127 127 64 127 80 228 255 0 0 255 37.969734 23.740493 130.7 130.7 7.3 
20:27:14.535 74.0 7.0 3.8 2.1 20.0 123.0 105.0 125.0 5.0 86.0 0 127 127 64 127 80 228 255 0 0 255 37.969734 23.740493 130.7 130.7 7.3 
20:27:15.046 74.0 7.0 11.3 2.2 20.0 120.5 103.2 123.2 7.0 85.0 35.0 127 127 64 127 80 228 255 0 0 255 37.969734 23.740493 130.7 130.7 7.3 
20:27:15.555 67.0 6.9 6.7 1.7 20.0 112.5 103.2 123.2 7.0 85.0 35.0 127 127 64 127 80 228 255 0 0 255 37.969734 23.740493 130.7 130.7 7.3 
20:27:16.063 67.0 6.9 6.0 2.4 21.0 118.5 103.2 124.2 6.0 85.0 35.0 127 127 64 127 80 228 255 0 0 255 37.969734 23.740493 130.7 130.7 7.3 
20:27:16.569 67.0 6.9 7.7 1.9 21.0 114.2 103.2 124.2 6.0 85.0 35.0 127 127 64 127 80 228 255 0 0 255 37.969734 23.740493 130.7 130.7 7.3 
20:27:17.076 67.0 6.9 5.6 1.2 21.0 120.5 103.2 124.2 6.0 85.0 35.0 127 127 64 127 80 228 255 0 0 255 37.969734 23.740493 130.7 130.7 7.3 
20:27:17.585 67.0 6.9 -2.2 1.6 21.0 121.2 103.2 124.2 6.0 85.0 0 127 127 64 127 80 228 255 0 0 255 37.969734 23.740493 130.7 130.7 7.3 
20:27:18.093 67.0 6.9 -3.7 2.5 22.0 117.3 103.2 125.2 5.0 86.0 0 127 127 64 127 80 228 255 0 0 255 37.969734 23.740493 130.7 130.7 7.3 
20:27:18.602 68.0 7.0 3.6 1.7 22.0 114.8 103.2 125.2 5.0 86.0 0 127 127 64 127 80 228 255 0 0 255 37.969734 23.740493 130.7 130.7 7.3 
20:27:19.110 68.0 7.0 3.9 1.8 22.0 115.7 103.2 125.2 9.0 84.0 0 127 127 64 127 80 228 255 0 0 255 37.969722 23.740516 134.2 134.2 4.9 
20:27:19.620 74.0 7.0 3.9 1.9 22.0 116.3 103.2 125.2 9.0 84.0 0 127 127 64 127 80 228 255 0 0 255 37.969722 23.740516 134.2 134.2 4.9 
20:27:20.127 74.0 7.0 3.8 1.9 22.0 115.7 103.2 125.2 9.0 84.0 0 127 127 64 127 80 228 255 0 0 255 37.969722 23.740516 134.2 134.2 4.9 
20:27:20.633 72.0 7.0 3.9 1.8 22.0 115.3 103.2 125.2 9.0 84.0 0 127 127 64 127 80 228 255 0 0 255 37.969722 23.740516 134.2 134.2 4.9 
20:27:21.143 72.0 7.0 3.9 1.9 22.0 115.5 103.2 125.2 9.0 84.0 0 127 127 64 127 80 228 255 0 0 255 37.969722 23.740516 134.2 134.2 4.9 
20:27:21.650 74.0 7.0 3.9 1.8 23.0 115.7 103.2 126.2 8.0 84.0 0 127 127 64 127 80 228 255 0 0 255 37.969722 23.740516 134.2 134.2 4.9 
20:27:22.159 74.0 7.0 3.9 1.7 23.0 115.3 103.2 126.2 8.0 84.0 0 127 127 64 127 80 228 255 0 0 255 37.969722 23.740516 134.2 134.2 4.9 
20:27:22.667 74.0 7.0 3.9 1.8 23.0 115.8 103.2 126.2 8.0 84.0 0 127 127 64 127 80 228 255 0 0 255 37.969722 23.740516 134.2 134.2 4.9 
20:27:23.175 74.0 7.0 3.9 1.7 23.0 114.9 103.2 126.2 8.0 84.0 0 127 127 64 127 80 228 255 0 0 255 37.969722 23.740516 134.2 134.2 4.9 
20:27:23.684 72.0 7.0 3.9 1.9 23.0 115.3 103.2 126.2 8.0 84.0 0 127 127 64 127 80 228 255 0 0 255 37.969722 23.740516 134.2 134.2 4.9 
20:27:24.191 72.0 7.0 3.9 1.9 23.0 114.9 103.2 126.2 8.0 84.0 0 127 127 64 127 80 228 255 0 0 255 37.969722 23.740516 134.2 134.2 4.9 
20:27:24.700 74.0 7.0 3.9 1.9 23.0 115.6 92.3 115.3 18.0 76.0 0 127 127 64 127 80 228 255 0 0 255 37.969722 23.740516 134.2 134.2 4.9 
20:27:25.210 74.0 7.0 3.9 1.9 23.0 115.0 92.3 115.3 18.0 76.0 0 127 127 64 127 80 228 255 0 0 255 37.969722 23.740516 134.2 134.2 4.9 
20:27:25.717 74.0 7.0 8.5 1.3 28.0 115.5 92.3 119.3 14.0 80.0 35.0 127 127 64 127 80 228 255 0 0 255 37.969722 23.740516 134.2 134.2 4.9 
20:27:26.227 74.0 7.0 6.8 2.4 32.0 136.5 92.3 124.3 9.0 84.0 35.0 127 127 64 127 80 228 255 0 0 255 37.969722 23.740516 134.2 134.2 4.9 
20:27:26.734 68.0 7.0 6.0 3.1 32.0 132.4 92.3 124.3 9.0 84.0 35.0 127 127 64 127 80 228 255 0 0 255 37.969722 23.740516 134.2 134.2 4.9 
20:27:27.243 68.0 7.0 5.8 0.9 33.0 129.9 92.3 125.3 8.0 84.0 35.0 127 127 64 127 80 228 255 0 0 255 37.969722 23.740516 134.2 134.2 4.9 
20:27:27.750 67.0 6.9 4.4 2.5 34.0 124.1 92.3 126.3 7.0 85.0 35.0 127 127 64 127 80 228 255 0 0 255 37.969722 23.740516 134.2 134.2 4.9 
20:27:28.260 67.0 6.9 -2.2 2.7 34.0 121.1 92.3 126.3 7.0 85.0 0 127 127 64 127 80 228 255 0 0 255 37.969722 23.740516 134.2 134.2 4.9 
20:27:28.767 72.0 7.0 -3.2 2.9 34.0 109.5 92.3 126.3 7.0 85.0 0 127 127 64 127 80 228 255 0 0 255 37.969722 23.740516 134.2 134.2 4.9 
20:27:29.275 72.0 7.0 3.4 2.5 34.0 123.3 92.3 126.3 7.0 85.0 0 127 127 64 127 80 228 255 0 0 255 37.969722 23.740516 134.2 134.2 4.9 
20:27:29.783 72.0 7.0 3.7 2.4 34.0 122.3 92.3 126.3 7.0 85.0 0 127 127 64 127 80 228 255 0 0 255 37.969722 23.740516 134.2 134.2 4.9 
20:27:30.291 72.0 7.0 3.6 2.4 34.0 123.4 92.3 126.3 7.0 85.0 0 127 127 64 127 80 228 255 0 0 255 37.969722 23.740516 134.2 134.2 4.9 
20:27:30.799 72.0 7.0 3.6 2.3 34.0 124.1 92.3 126.3 7.0 85.0 0 127 127 64 127 80 228 255 0 0 255 37.969722 23.740516 134.2 134.2 4.9 
20:27:31.305 72.0 7.0 3.6 2.4 34.0 122.8 92.3 126.3 7.0 85.0 0 127 127 64 127 80 228 255 0 0 255 37.969722 23.740516 134.2 134.2 4.9 
20:27:31.813 74.0 7.0 3.6 2.3 35.0 122.6 92.3 127.3 6.0 85.0 0 127 127 64 127 80 228 255 0 0 255 37.969722 23.740516 134.2 134.2 4.9 
20:27:32.320 74.0 7.0 3.6 2.4 35.0 124.0 92.3 127.3 6.0 85.0 0 127 127 64 127 80 228 255 0 0 255 37.969722 23.740516 134.2 134.2 4.9 
20:27:32.827 74.0 7.0 3.7 2.3 35.0 123.3 92.3 127.3 6.0 85.0 0 127 127 64 127 80 228 255 0 0 255 37.969722 23.740516 134.2 134.2 4.9 
20:27:33.338 74.0 7.0 3.7 2.2 35.0 123.5 92.3 127.3 6.0 85.0 0 127 127 64 127 80 228 255 0 0 255 37.969722 23.740516 134.2 134.2 4.9 
20:27:33.846 74.0 7.0 3.6 2.2 35.0 121.5 92.3 127.3 -46.0 116.0 0 127 127 64 127 80 228 255 0 0 255 37.301666 0.183333 80.7 80.7 2070744.2 
20:27:34.356 74.0 7.0 11.4 9.1 13.0 110.4 92.3 106.3 -25.0 114.0 45.0 127 127 64 127 80 228 255 0 0 255 37.301666 0.183333 80.7 80.7 2070744.2 
20:27:34.866 65.0 6.9 9.8 1.7 351.0 96.1 92.3 83.3 -2.0 86.0 45.0 127 127 64 127 80 228 255 0 0 255 37.301666 0.183333 80.7 80.7 2070744.2 
20:27:35.373 65.0 6.9 6.2 1.6 352.0 102.4 92.3 84.3 -3.0 86.0 45.0 127 127 64 127 80 228 255 0 0 255 37.301666 0.183333 80.7 80.7 2070744.2 
20:27:35.882 61.0 6.9 5.9 1.6 348.0 76.0 92.3 80.3 0 86.0 45.0 127 127 64 127 80 228 255 0 0 255 37.301666 0.183333 80.7 80.7 2070744.2 
20:27:36.390 61.0 6.9 4.4 2.8 344.0 76.4 92.3 76.3 4.0 86.0 45.0 127 127 64 127 80 228 255 0 0 255 37.301666 0.183333 80.7 80.7 2070744.2 
20:27:36.899 44.0 6.6 4.1 -1.5 344.0 64.1 92.3 76.3 4.0 86.0 45.0 127 127 64 127 80 228 255 0 0 255 37.301666 0.183333 80.7 80.7 2070744.2 
20:27:37.409 44.0 6.6 4.7 -0.2 347.0 96.9 92.3 79.3 1.0 86.0 45.0 127 127 64 127 80 228 255 0 0 255 37.301666 0.183333 80.7 80.7 2070744.2 
20:27:37.920 65.0 6.9 3.9 3.0 343.0 70.9 92.3 75.3 5.0 86.0 45.0 127 127 64 127 80 228 255 0 0 255 37.301666 0.183333 80.7 80.7 2070744.2 
20:27:38.427 65.0 6.9 3.1 1.4 344.0 80.6 92.3 76.3 4.0 86.0 45.0 127 127 64 127 80 228 255 0 0 255 37.301666 0.183333 80.7 80.7 2070744.2 
20:27:38.935 65.0 6.9 -0.5 0.4 344.0 80.2 92.3 76.3 4.0 86.0 0 127 127 64 127 80 228 255 0 0 255 37.301666 0.183333 80.7 80.7 2070744.2 
20:27:39.442 65.0 6.9 -4.0 -0.6 347.0 85.7 92.3 79.3 1.0 86.0 0 127 127 64 127 80 228 255 0 0 255 37.301666 0.183333 80.7 80.7 2070744.2 
20:27:39.951 70.0 7.0 -18.0 11.4 319.0 32.3 92.3 51.3 -155.0 116.0 0 127 127 0 130 80 228 255 0 0 255 37.969718 23.740678 257.0 257.0 11.0 
20:27:40.460 70.0 7.0 -0.9 2.8 319.0 49.0 92.3 51.3 -155.0 116.0 0 127 127 0 127 80 228 255 0 0 255 37.969718 23.740678 257.0 257.0 11.0 
20:27:40.967 70.0 7.0 1.7 2.0 319.0 48.9 92.3 51.3 -155.0 116.0 0 127 127 1 127 80 228 255 0 0 255 37.969718 23.740678 257.0 257.0 11.0 
20:27:41.475 70.0 7.0 1.7 2.0 319.0 44.8 92.3 51.3 -155.0 116.0 0 127 127 1 127 80 228 255 0 0 255 37.969718 23.740678 257.0 257.0 11.0 
20:27:41.983 72.0 7.0 1.7 2.0 319.0 48.2 92.3 51.3 -155.0 116.0 0 127 127 1 127 80 228 255 0 0 255 37.969718 23.740678 257.0 257.0 11.0 
20:27:42.491 72.0 7.0 1.7 2.2 319.0 48.7 92.3 51.3 -155.0 116.0 0 127 127 1 127 80 228 255 0 0 255 37.969718 23.740678 257.0 257.0 11.0 
20:27:43.001 72.0 7.0 1.7 2.1 319.0 47.2 92.3 51.3 -155.0 116.0 0 127 127 1 127 80 228 255 0 0 255 37.969718 23.740678 257.0 257.0 11.0 
20:27:43.508 72.0 7.0 1.8 2.0 319.0 48.8 92.3 51.3 -155.0 116.0 0 127 127 1 127 80 228 255 0 0 255 37.969718 23.740678 257.0 257.0 11.0 
20:27:44.017 72.0 7.0 1.7 2.1 319.0 49.8 92.3 51.3 -155.0 116.0 0 127 127 1 127 80 228 255 0 0 255 37.969718 23.740678 257.0 257.0 11.0 
20:27:44.528 72.0 7.0 1.8 1.9 320.0 48.3 92.3 52.3 -156.0 116.0 0 127 127 1 127 80 228 255 0 0 255 37.969718 23.740678 257.0 257.0 11.0 
20:27:45.035 72.0 7.0 1.7 2.1 320.0 48.9 -272.0 48.0 -151.0 116.0 0 127 127 1 127 80 228 255 0 0 255 37.969718 23.740678 257.0 257.0 11.0 
20:27:45.545 72.0 7.0 1.8 2.1 320.0 48.8 -272.0 48.0 -151.0 116.0 0 127 127 1 127 80 228 255 0 0 255 37.969718 23.740678 257.0 257.0 11.0 
20:27:46.052 72.0 7.0 1.7 2.1 320.0 48.7 -272.0 48.0 -151.0 116.0 0 127 127 0 127 80 228 255 0 0 255 37.969718 23.740678 257.0 257.0 11.0 
20:27:46.560 72.0 7.0 1.8 1.8 320.0 47.6 -272.0 48.0 -151.0 116.0 0 127 127 1 127 80 228 255 0 0 255 37.969718 23.740678 257.0 257.0 11.0 
20:27:47.068 72.0 7.0 3.7 2.2 319.0 51.8 -272.0 47.0 -150.0 116.0 35.0 127 127 0 127 80 228 255 0 0 255 37.969718 23.740678 257.0 257.0 11.0 
20:27:47.576 72.0 7.0 -6.0 3.5 321.0 66.8 -272.0 49.0 -152.0 116.0 35.0 127 127 1 127 80 228 255 0 0 255 37.969718 23.740678 257.0 257.0 11.0 
20:27:48.084 65.0 6.9 -24.2 -18.4 311.0 40.6 -272.0 39.0 -142.0 116.0 35.0 127 127 1 127 80 228 255 0 0 255 37.969718 23.740678 257.0 257.0 11.0 
20:27:48.594 65.0 6.9 -29.2 -2.6 309.0 21.9 -272.0 37.0 -140.0 116.0 35.0 127 127 1 127 80 228 255 0 0 255 37.969718 23.740678 257.0 257.0 11.0 
20:27:49.108 67.0 6.9 -1.0 -7.7 305.0 40.9 -272.0 33.0 -136.0 116.0 35.0 127 127 0 127 80 228 255 0 0 255 37.969718 23.740678 257.0 257.0 11.0 
20:27:49.618 72.0 7.0 -3.9 1.5 306.0 48.4 -272.0 34.0 -137.0 116.0 0 127 127 0 127 80 228 255 0 0 255 37.969718 23.740678 257.0 257.0 11.0 
20:27:50.126 72.0 7.0 -10.9 6.9 256.0 8.6 -272.0 346.0 -88.0 116.0 0 127 127 1 127 80 228 255 0 0 255 37.969718 23.740678 257.0 257.0 11.0 
20:27:50.635 72.0 7.0 -7.3 1.6 199.0 282.4 -272.0 287.0 -29.0 116.0 0 127 127 1 127 80 228 255 0 0 255 37.969718 23.740678 257.0 257.0 11.0 
20:27:51.143 72.0 7.0 -8.0 4.2 184.0 267.0 -272.0 272.0 -14.0 92.0 0 127 127 0 127 80 228 255 0 0 255 37.969718 23.740678 257.0 257.0 11.0 
20:27:51.653 72.0 7.0 2.0 5.2 184.0 244.1 -272.0 272.0 -14.0 92.0 0 127 127 1 127 80 228 255 0 0 255 37.969718 23.740678 257.0 257.0 11.0 
20:27:52.161 72.0 7.0 1.7 5.6 184.0 243.5 -272.0 272.0 -14.0 92.0 0 127 127 1 127 80 228 255 0 0 255 37.969718 23.740678 257.0 257.0 11.0 
20:27:52.669 74.0 7.0 1.6 5.6 184.0 243.7 -272.0 272.0 -14.0 92.0 0 127 127 0 127 80 228 255 0 0 255 37.969718 23.740678 257.0 257.0 11.0 
20:27:53.178 74.0 7.0 1.6 5.7 184.0 243.4 -272.0 272.0 -14.0 92.0 0 127 127 1 127 80 228 255 0 0 255 37.969718 23.740678 257.0 257.0 11.0 
20:27:53.685 72.0 7.0 1.7 5.6 185.0 244.6 -272.0 273.0 -15.0 93.0 0 127 127 1 127 80 228 255 0 0 255 37.969718 23.740678 257.0 257.0 11.0 
20:27:54.193 72.0 7.0 1.7 5.6 185.0 243.6 -272.0 273.0 -15.0 93.0 0 127 127 1 127 80 228 255 0 0 255 37.969718 23.740678 257.0 257.0 11.0 
20:27:54.703 72.0 7.0 1.6 5.6 185.0 245.7 58.6 243.6 13.0 81.0 0 127 127 0 127 80 228 255 0 0 255 37.969718 23.740678 257.0 257.0 11.0 
20:27:55.210 72.0 7.0 1.6 5.7 185.0 243.9 58.6 243.6 13.0 81.0 0 127 127 0 127 80 228 255 0 0 255 37.969718 23.740678 257.0 257.0 11.0 
20:27:55.723 72.0 7.0 1.6 5.6 185.0 242.9 58.6 243.6 13.0 81.0 0 127 127 1 127 80 228 255 0 0 255 37.969718 23.740678 257.0 257.0 11.0 
20:27:56.232 72.0 7.0 1.6 5.7 185.0 243.4 58.6 243.6 13.0 81.0 0 127 127 1 127 80 228 255 0 0 255 37.969718 23.740678 257.0 257.0 11.0 
20:27:56.739 72.0 7.0 1.6 5.7 185.0 246.4 58.6 243.6 13.0 81.0 0 127 127 1 127 80 228 255 0 0 255 37.969718 23.740678 257.0 257.0 11.0 
20:27:57.246 72.0 7.0 1.6 5.7 185.0 243.1 58.6 243.6 13.0 81.0 0 127 127 1 127 80 228 255 0 0 255 37.969718 23.740678 257.0 257.0 11.0 
20:27:57.756 65.0 6.9 7.9 5.0 186.0 247.3 58.6 244.6 12.0 82.0 35.0 127 127 1 127 80 228 255 0 0 255 37.969718 23.740678 257.0 257.0 11.0 
20:27:58.265 65.0 6.9 6.3 4.0 190.0 264.9 58.6 248.6 8.0 84.0 35.0 127 127 1 127 80 228 255 0 0 255 37.969718 23.740678 257.0 257.0 11.0 
20:27:58.773 67.0 6.9 5.9 5.9 189.0 274.8 58.6 247.6 9.0 84.0 35.0 127 127 1 127 80 228 255 0 0 255 37.969718 23.740678 257.0 257.0 11.0 
20:27:59.282 67.0 6.9 4.6 3.0 191.0 277.6 58.6 249.6 7.0 84.0 35.0 127 127 1 127 80 228 255 0 0 255 37.969718 23.740678 257.0 257.0 11.0 
20:27:59.788 67.0 6.9 5.6 5.3 190.0 272.5 58.6 248.6 8.0 84.0 35.0 127 127 1 127 80 228 255 0 0 255 37.969718 23.740678 257.0 257.0 11.0 
20:28:00.297 67.0 6.9 -7.1 6.3 190.0 265.9 58.6 248.6 8.0 85.0 0 127 127 0 127 80 228 255 0 0 255 37.969718 23.740678 257.0 257.0 11.0 
20:28:00.803 72.0 7.0 -5.8 6.4 190.0 277.5 58.6 248.6 8.0 85.0 0 127 127 1 127 80 228 255 0 0 255 37.969718 23.740678 257.0 257.0 11.0 
20:28:01.312 72.0 7.0 -4.3 6.2 191.0 251.8 58.6 249.6 7.0 85.0 0 127 127 1 127 80 228 255 0 0 255 37.969718 23.740678 257.0 257.0 11.0 
20:28:01.820 72.0 7.0 0.0 5.6 191.0 252.0 58.6 249.6 7.0 85.0 0 127 127 1 127 80 228 255 0 0 255 37.969718 23.740678 257.0 257.0 11.0 
20:28:02.327 72.0 7.0 1.3 5.5 191.0 252.5 58.6 249.6 7.0 85.0 0 127 127 0 127 80 228 255 0 0 255 37.969718 23.740678 257.0 257.0 11.0 
20:28:02.836 74.0 7.0 1.5 5.3 191.0 252.2 58.6 249.6 7.0 85.0 0 127 127 1 127 80 228 255 0 0 255 37.969718 23.740678 257.0 257.0 11.0 
20:28:03.345 74.0 7.0 1.5 5.4 191.0 251.0 58.6 249.6 7.0 85.0 0 127 127 1 127 80 228 255 0 0 255 37.969718 23.740678 257.0 257.0 11.0 
20:28:03.852 74.0 7.0 1.4 5.4 192.0 252.1 58.6 250.6 6.0 85.0 0 127 127 1 127 80 228 255 0 0 255 37.969718 23.740678 257.0 257.0 11.0 
20:28:04.363 74.0 7.0 1.5 5.3 192.0 252.2 58.6 250.6 6.0 85.0 0 127 127 1 127 80 228 255 0 0 255 37.969718 23.740678 257.0 257.0 11.0 
20:28:04.871 72.0 7.0 1.5 5.4 192.0 251.9 59.7 251.7 5.0 86.0 0 127 127 1 127 80 228 255 0 0 255 37.969718 23.740678 257.0 257.0 11.0 
20:28:05.380 72.0 7.0 1.5 5.5 192.0 252.2 59.7 251.7 5.0 86.0 0 127 127 1 127 80 228 255 0 0 255 37.969718 23.740678 257.0 257.0 11.0 
20:28:05.889 74.0 7.0 1.5 5.5 192.0 252.8 59.7 251.7 5.0 86.0 0 127 127 1 127 80 228 255 0 0 255 37.969718 23.740678 257.0 257.0 11.0 
20:28:06.397 74.0 7.0 1.5 5.4 192.0 252.0 59.7 251.7 5.0 86.0 0 127 127 1 127 80 228 255 0 0 255 37.969718 23.740678 257.0 257.0 11.0 
20:28:06.907 74.0 7.0 1.5 5.4 192.0 252.0 59.7 251.7 -4.0 86.0 0 127 127 1 127 80 228 255 0 0 255 37.969730 23.740661 247.6 247.6 10.0 
20:28:07.415 74.0 7.0 1.4 5.5 192.0 252.3 59.7 251.7 -4.0 86.0 0 127 127 1 127 80 228 255 0 0 255 37.969730 23.740661 247.6 247.6 10.0 
20:28:07.925 72.0 7.0 1.4 5.5 193.0 251.6 59.7 252.7 -5.0 86.0 35.0 127 127 1 127 80 228 255 0 0 255 37.969730 23.740661 247.6 247.6 10.0 
20:28:08.434 72.0 7.0 6.6 3.8 190.0 279.8 59.7 250.7 -3.0 86.0 35.0 127 127 1 127 80 228 255 0 0 255 37.969730 23.740661 247.6 247.6 10.0 
20:28:08.941 68.0 7.0 6.0 7.0 185.0 269.1 59.7 244.7 2.0 86.0 35.0 127 127 1 127 80 228 255 0 0 255 37.969730 23.740661 247.6 247.6 10.0 
20:28:09.450 68.0 7.0 4.8 4.8 180.0 233.6 59.7 239.7 7.0 85.0 35.0 127 127 1 127 80 228 255 0 0 255 37.969730 23.740661 247.6 247.6 10.0 
20:28:09.958 67.0 6.9 3.8 3.0 181.0 268.6 59.7 240.7 6.0 85.0 35.0 127 127 1 127 80 228 255 0 0 255 37.969730 23.740661 247.6 247.6 10.0 
20:28:10.465 67.0 6.9 -0.3 4.9 180.0 231.1 59.7 239.7 7.0 85.0 0 127 127 1 127 80 228 255 0 0 255 37.969730 23.740661 247.6 247.6 10.0 
20:28:10.976 72.0 7.0 -4.4 5.1 181.0 266.0 59.7 240.7 6.0 85.0 0 127 127 1 127 80 228 255 0 0 255 37.969730 23.740661 247.6 247.6 10.0 
20:28:11.483 72.0 7.0 -3.4 4.6 181.0 255.0 59.7 240.7 6.0 85.0 0 127 127 1 127 80 228 255 0 0 255 37.969730 23.740661 247.6 247.6 10.0 
20:28:11.992 72.0 7.0 -3.9 4.8 181.0 259.0 59.7 240.7 6.0 85.0 0 127 127 1 127 80 228 255 0 0 255 37.969730 23.740661 247.6 247.6 10.0 
20:28:12.499 72.0 7.0 -1.1 4.5 181.0 247.3 59.7 240.7 6.0 85.0 0 127 127 1 127 80 228 255 0 0 255 37.969730 23.740661 247.6 247.6 10.0 
20:28:13.008 72.0 7.0 0.0 4.3 181.0 247.3 59.7 240.7 6.0 85.0 0 127 127 1 127 80 228 255 0 0 255 37.969730 23.740661 247.6 247.6 10.0 
20:28:13.516 72.0 7.0 0.3 4.0 181.0 247.3 59.7 240.7 6.0 85.0 0 127 127 1 127 80 228 255 0 0 255 37.969730 23.740661 247.6 247.6 10.0 
20:28:14.029 72.0 7.0 0.2 4.2 181.0 248.0 59.7 240.7 6.0 85.0 0 127 127 1 127 80 228 255 0 0 255 37.969730 23.740661 247.6 247.6 10.0 
20:28:14.539 72.0 7.0 0.2 4.2 181.0 248.0 59.7 240.7 6.0 85.0 0 127 127 1 127 80 228 255 0 0 255 37.969730 23.740661 247.6 247.6 10.0 
20:28:15.048 74.0 7.0 0.1 4.4 181.0 246.8 65.1 246.1 1.0 86.0 0 127 127 1 127 80 228 255 0 0 255 37.969730 23.740661 247.6 247.6 10.0 
20:28:15.556 74.0 7.0 0.2 4.3 181.0 247.1 65.1 246.1 1.0 86.0 0 127 127 1 127 80 228 255 0 0 255 37.969730 23.740661 247.6 247.6 10.0 
20:28:16.065 74.0 7.0 0.1 4.2 181.0 252.6 65.1 246.1 -19.0 98.0 0 127 127 1 127 80 228 255 0 0 255 37.969741 23.740617 226.2 226.2 7.4 
20:28:16.574 74.0 7.0 0.2 4.1 181.0 246.5 65.1 246.1 -19.0 98.0 0 127 127 1 127 80 228 255 0 0 255 37.969741 23.740617 226.2 226.2 7.4 
20:28:17.083 74.0 7.0 0.1 4.2 182.0 255.0 65.1 247.1 -20.0 99.0 0 127 127 1 127 80 228 255 0 0 255 37.969741 23.740617 226.2 226.2 7.4 
20:28:17.592 74.0 7.0 0.1 4.2 182.0 247.1 65.1 247.1 -20.0 99.0 0 127 127 1 127 80 228 255 0 0 255 37.969741 23.740617 226.2 226.2 7.4 
20:28:18.101 74.0 7.0 0.1 4.2 182.0 245.9 65.1 247.1 -20.0 99.0 0 127 127 1 127 80 228 255 0 0 255 37.969741 23.740617 226.2 226.2 7.4 
20:28:18.608 74.0 7.0 6.7 4.8 181.0 257.9 65.1 246.1 -19.0 99.0 35.0 127 127 1 127 80 228 255 0 0 255 37.969738 23.740619 228.2 228.2 7.4 
20:28:19.118 67.0 6.9 8.0 6.1 169.0 221.4 65.1 235.1 -6.0 87.0 35.0 127 127 1 127 80 228 255 0 0 255 37.969738 23.740619 228.2 228.2 7.4 
20:28:19.627 67.0 6.9 5.9 5.3 169.0 227.1 65.1 234.1 -5.0 86.0 35.0 127 127 0 127 80 228 255 0 0 255 37.969738 23.740619 228.2 228.2 7.4 
20:28:20.135 68.0 7.0 4.6 10.5 161.0 217.4 65.1 226.1 -2.0 86.0 35.0 127 127 1 127 80 228 255 0 0 255 37.969738 23.740610 223.5 223.5 6.8 
20:28:20.645 68.0 7.0 4.8 4.0 162.0 230.9 65.1 227.1 -3.0 86.0 35.0 127 127 1 127 80 228 255 0 0 255 37.969738 23.740610 223.5 223.5 6.8 
20:28:21.155 70.0 7.0 -2.6 3.9 159.0 215.5 65.1 224.1 0 86.0 0 127 127 1 127 80 228 255 0 0 255 37.969738 23.740610 223.5 223.5 6.8 
20:28:21.663 70.0 7.0 -4.4 6.1 157.0 217.9 65.1 222.1 1.0 86.0 0 127 127 1 127 80 228 255 0 0 255 37.969738 23.740610 223.5 223.5 6.8 
20:28:22.174 72.0 7.0 -4.0 8.4 156.0 246.7 65.1 221.1 2.0 86.0 0 127 127 0 127 80 228 255 0 0 255 37.969738 23.740610 223.5 223.5 6.8 
20:28:22.683 72.0 7.0 -3.3 7.2 156.0 214.4 65.1 221.1 2.0 86.0 0 127 127 1 127 80 228 255 0 0 255 37.969738 23.740610 223.5 223.5 6.8 
20:28:23.196 72.0 7.0 1.3 6.6 156.0 221.1 65.1 221.1 2.0 86.0 0 127 127 1 127 80 228 255 0 0 255 37.969738 23.740610 223.5 223.5 6.8 
20:28:23.705 72.0 7.0 1.6 6.8 156.0 223.0 65.1 221.1 2.0 86.0 0 127 127 1 127 80 228 255 0 0 255 37.969738 23.740610 223.5 223.5 6.8 
20:28:24.214 74.0 7.0 1.7 6.7 156.0 222.9 65.1 221.1 2.0 86.0 0 127 127 1 127 80 228 255 0 0 255 37.969738 23.740610 223.5 223.5 6.8 
20:28:24.722 74.0 7.0 1.7 6.7 157.0 221.7 64.8 221.8 1.0 86.0 0 127 127 1 127 80 228 255 0 0 255 37.969738 23.740610 223.5 223.5 6.8 
20:28:25.231 72.0 7.0 1.7 6.8 157.0 222.2 64.8 221.8 1.0 86.0 0 127 127 1 127 80 228 255 0 0 255 37.969738 23.740610 223.5 223.5 6.8 
20:28:25.742 72.0 7.0 1.7 6.6 157.0 223.1 64.8 221.8 1.0 86.0 0 127 127 1 127 80 228 255 0 0 255 37.969738 23.740610 223.5 223.5 6.8 
20:28:26.249 70.0 7.0 1.7 6.6 157.0 222.0 64.8 221.8 1.0 86.0 0 127 127 1 127 80 228 255 0 0 255 37.969738 23.740610 223.5 223.5 6.8 
20:28:26.758 70.0 7.0 1.5 6.5 157.0 222.0 64.8 221.8 -26.0 108.0 0 127 127 1 127 80 228 255 0 0 255 37.969730 23.740568 194.8 194.8 3.9 
20:28:27.267 72.0 7.0 1.7 6.7 157.0 224.7 64.8 221.8 -26.0 108.0 0 127 127 1 127 80 228 255 0 0 255 37.969730 23.740568 194.8 194.8 3.9 
20:28:27.775 72.0 7.0 1.7 7.1 157.0 222.6 64.8 221.8 -29.0 114.0 0 127 127 1 127 80 228 255 0 0 255 37.969734 23.740568 191.9 191.9 4.9 
20:28:28.285 72.0 7.0 1.6 6.8 157.0 221.6 64.8 221.8 -29.0 114.0 0 127 127 1 127 80 228 255 0 0 255 37.969734 23.740568 191.9 191.9 4.9 
20:28:28.792 72.0 7.0 1.6 6.8 157.0 223.4 64.8 221.8 -29.0 114.0 0 127 127 1 127 80 228 255 0 0 255 37.969734 23.740568 191.9 191.9 4.9 
20:28:29.302 58.0 6.8 6.8 8.5 142.0 209.0 64.8 207.8 -15.0 95.0 35.0 127 127 1 127 80 228 255 0 0 255 37.969734 23.740568 191.9 191.9 4.9 
20:28:29.812 58.0 6.8 5.9 6.3 133.0 201.8 64.8 197.8 -5.0 86.0 35.0 127 127 1 127 80 228 255 0 0 255 37.969734 23.740568 191.9 191.9 4.9 
20:28:30.318 68.0 7.0 5.5 4.7 132.0 189.7 64.8 196.8 -4.0 86.0 35.0 127 127 1 127 80 228 255 0 0 255 37.969734 23.740568 191.9 191.9 4.9 
20:28:30.825 68.0 7.0 6.3 4.9 132.0 202.1 64.8 196.8 -4.0 86.0 35.0 127 127 1 127 80 228 255 0 0 255 37.969734 23.740568 191.9 191.9 4.9 
20:28:31.333 67.0 6.9 4.5 7.4 130.0 189.0 64.8 194.8 -2.0 86.0 35.0 127 127 1 127 80 228 255 0 0 255 37.969734 23.740568 191.9 191.9 4.9 
20:28:31.845 67.0 6.9 -6.5 17.5 112.0 179.9 64.8 177.8 -24.0 105.0 0 127 127 1 127 80 228 255 0 0 255 37.969715 23.740543 152.8 152.8 2.6 
20:28:32.358 70.0 7.0 -3.8 5.7 91.0 169.5 64.8 155.8 -2.0 86.0 0 127 127 1 127 80 228 255 0 0 255 37.969715 23.740543 152.8 152.8 2.6 
20:28:32.866 70.0 7.0 2.5 4.4 91.0 153.6 64.8 155.8 -2.0 86.0 0 127 127 1 127 80 228 255 0 0 255 37.969715 23.740543 152.8 152.8 2.6 
20:28:33.372 70.0 7.0 3.6 4.1 91.0 154.2 64.8 155.8 -2.0 86.0 0 127 127 1 127 80 228 255 0 0 255 37.969715 23.740543 152.8 152.8 2.6 
20:28:33.882 70.0 7.0 3.7 4.1 91.0 154.4 64.8 155.8 -2.0 86.0 0 127 127 1 127 80 228 255 0 0 255 37.969715 23.740543 152.8 152.8 2.6 
20:28:34.391 72.0 7.0 3.6 4.2 91.0 154.5 64.8 155.8 -2.0 86.0 0 127 127 1 127 80 228 255 0 0 255 37.969715 23.740543 152.8 152.8 2.6 
20:28:34.902 72.0 7.0 3.6 4.2 91.0 153.8 62.8 153.8 0 86.0 0 127 127 1 127 80 228 255 0 0 255 37.969715 23.740543 152.8 152.8 2.6 
20:28:35.410 72.0 7.0 3.7 4.1 91.0 153.1 62.8 153.8 0 86.0 0 127 127 0 127 80 228 255 0 0 255 37.969715 23.740543 152.8 152.8 2.6 
20:28:35.917 72.0 7.0 3.7 4.2 91.0 153.8 62.8 153.8 0 86.0 0 127 127 0 127 80 228 255 0 0 255 37.969715 23.740543 152.8 152.8 2.6 
20:28:36.426 72.0 7.0 3.6 4.2 92.0 153.2 62.8 154.8 -1.0 86.0 0 127 127 1 127 80 228 255 0 0 255 37.969715 23.740543 152.8 152.8 2.6 
20:28:36.933 72.0 7.0 3.7 4.1 92.0 154.2 62.8 154.8 -1.0 86.0 0 127 127 1 127 80 228 255 0 0 255 37.969715 23.740543 152.8 152.8 2.6 
20:28:37.440 74.0 7.0 3.7 4.1 92.0 153.5 62.8 154.8 -1.0 86.0 0 127 127 1 127 80 228 255 0 0 255 37.969715 23.740543 152.8 152.8 2.6 
20:28:37.948 74.0 7.0 3.7 4.2 92.0 153.9 62.8 154.8 -1.0 86.0 0 127 127 1 127 80 228 255 0 0 255 37.969715 23.740543 152.8 152.8 2.6 
20:28:38.458 72.0 7.0 3.7 4.2 92.0 153.4 62.8 154.8 -1.0 86.0 0 127 127 1 127 80 228 255 0 0 255 37.969715 23.740543 152.8 152.8 2.6 
20:28:38.966 72.0 7.0 3.6 4.4 92.0 154.2 62.8 154.8 -33.0 116.0 0 127 127 1 127 80 228 255 0 0 255 37.969707 23.740528 121.2 121.2 2.9 
20:28:39.473 72.0 7.0 3.7 4.0 92.0 153.3 62.8 154.8 -33.0 116.0 35.0 127 127 1 127 80 228 255 0 0 255 37.969707 23.740528 121.2 121.2 2.9 
20:28:39.982 72.0 7.0 6.8 5.4 72.0 143.0 62.8 135.8 -14.0 94.0 35.0 127 127 1 127 80 228 255 0 0 255 37.969707 23.740528 121.2 121.2 2.9 
20:28:40.491 63.0 6.9 7.0 5.5 64.0 148.7 62.8 126.8 -5.0 86.0 35.0 127 127 1 127 80 228 255 0 0 255 37.969707 23.740528 121.2 121.2 2.9 
20:28:41.002 63.0 6.9 8.0 3.5 64.0 131.8 62.8 126.8 -5.0 86.0 35.0 127 127 1 127 80 228 255 0 0 255 37.969707 23.740528 121.2 121.2 2.9 
20:28:41.509 60.0 6.8 5.9 4.0 62.0 140.5 62.8 124.8 -3.0 86.0 35.0 127 127 1 127 80 228 255 0 0 255 37.969707 23.740528 121.2 121.2 2.9 
20:28:42.017 60.0 6.8 1.6 3.3 60.0 137.4 62.8 122.8 -1.0 86.0 0 127 127 1 127 80 228 255 0 0 255 37.969707 23.740528 121.2 121.2 2.9 
20:28:42.524 72.0 7.0 -3.2 4.2 59.0 137.4 62.8 121.8 0 86.0 0 127 127 1 127 80 228 255 0 0 255 37.969707 23.740528 121.2 121.2 2.9 
20:28:43.033 72.0 7.0 2.6 3.7 59.0 141.6 62.8 121.8 0 86.0 0 127 127 1 127 80 228 255 0 0 255 37.969707 23.740528 121.2 121.2 2.9 
20:28:43.542 72.0 7.0 4.0 3.6 60.0 141.1 62.8 122.8 -1.0 86.0 0 127 127 1 127 80 228 255 0 0 255 37.969707 23.740528 121.2 121.2 2.9 
20:28:44.050 72.0 7.0 4.1 3.7 60.0 140.7 62.8 122.8 -1.0 86.0 0 127 127 1 127 80 228 255 0 0 255 37.969707 23.740528 121.2 121.2 2.9 
20:28:44.556 72.0 7.0 4.1 3.6 60.0 141.3 62.8 122.8 -1.0 86.0 0 127 127 1 127 80 228 255 0 0 255 37.969707 23.740528 121.2 121.2 2.9 
20:28:45.068 72.0 7.0 4.1 3.5 60.0 141.0 81.3 141.3 -20.0 99.0 0 127 127 1 127 80 228 255 0 0 255 37.969707 23.740528 121.2 121.2 2.9 
20:28:45.575 72.0 7.0 4.1 3.5 60.0 140.3 81.3 141.3 -20.0 99.0 0 127 127 1 127 80 228 255 0 0 255 37.969707 23.740528 121.2 121.2 2.9 
20:28:46.082 72.0 7.0 4.1 3.6 60.0 141.5 81.3 141.3 -20.0 99.0 0 127 127 1 127 80 228 255 0 0 255 37.969707 23.740528 121.2 121.2 2.9 
20:28:46.589 74.0 7.0 4.1 3.4 60.0 141.3 81.3 141.3 -20.0 99.0 0 127 127 1 127 80 228 255 0 0 255 37.969707 23.740528 121.2 121.2 2.9 
20:28:47.099 74.0 7.0 4.1 3.6 60.0 138.3 81.3 141.3 -84.0 116.0 0 127 127 0 127 80 228 255 0 0 255 37.969684 23.740533 56.5 56.5 2.4 
20:28:47.609 72.0 7.0 4.2 3.6 60.0 138.5 81.3 141.3 -84.0 116.0 0 127 127 1 127 80 228 255 0 0 255 37.969684 23.740533 56.5 56.5 2.4 
20:28:48.118 72.0 7.0 4.1 3.7 60.0 141.3 81.3 141.3 -84.0 116.0 0 127 127 1 127 80 228 255 0 0 255 37.969684 23.740533 56.5 56.5 2.4 
20:28:48.626 72.0 7.0 4.1 3.7 60.0 140.8 81.3 141.3 -84.0 116.0 0 127 127 1 127 80 228 255 0 0 255 37.969684 23.740533 56.5 56.5 2.4 
20:28:49.137 72.0 7.0 4.1 3.7 61.0 141.0 81.3 142.3 -85.0 116.0 0 127 127 1 127 80 228 255 0 0 255 37.969684 23.740533 56.5 56.5 2.4 
20:28:49.645 72.0 7.0 4.2 3.5 61.0 141.8 81.3 142.3 -85.0 116.0 0 127 127 1 127 80 228 255 0 0 255 37.969684 23.740533 56.5 56.5 2.4 
20:28:50.153 72.0 7.0 10.9 5.5 55.0 122.0 81.3 137.3 -80.0 116.0 35.0 127 127 1 127 80 228 255 0 0 0 37.969684 23.740533 56.5 56.5 2.4 
20:28:50.661 70.0 7.0 2.6 2.9 44.0 127.0 81.3 125.3 -68.0 116.0 0 127 127 1 127 80 228 255 0 0 0 37.969684 23.740533 56.5 56.5 2.4 
20:28:51.167 70.0 7.0 4.2 3.1 44.0 126.6 81.3 125.3 -68.0 116.0 13.0 127 127 31 133 80 228 255 0 0 0 37.969684 23.740533 56.5 56.5 2.4 
20:28:51.675 74.0 7.0 8.8 4.2 43.0 103.0 81.3 125.3 -68.0 116.0 39.0 127 127 82 127 80 228 255 0 0 0 37.969684 23.740533 56.5 56.5 2.4 
20:28:52.186 74.0 7.0 6.5 10.9 1.0 81.5 81.3 83.3 -26.0 116.0 41.0 127 127 85 127 80 228 255 0 0 0 37.969684 23.740533 56.5 56.5 2.4 
20:28:52.695 65.0 6.9 15.7 2.2 336.0 61.9 81.3 56.3 0 86.0 63.0 127 127 113 127 80 228 255 0 0 0 37.969684 23.740541 56.5 45.2 1.9 
20:28:53.201 65.0 6.9 8.2 0.6 335.0 36.1 81.3 56.3 0 86.0 48.0 127 127 94 127 80 228 255 0 0 0 37.969684 23.740541 56.5 45.2 1.9 
20:28:53.709 42.0 6.6 8.1 12.8 324.0 60.4 81.3 46.3 -5.0 92.0 48.0 99 127 94 127 80 228 255 0 0 0 37.969684 23.740541 41.1 45.2 1.9 
20:28:54.218 42.0 6.6 2.3 27.8 265.0 9.8 81.3 347.3 -2.0 91.0 48.0 109 127 94 127 80 228 255 0 0 0 37.969684 23.740541 345.3 45.2 1.9 
20:28:54.726 37.0 6.5 4.3 25.4 223.0 303.0 81.3 304.3 -5.0 91.0 48.0 108 127 94 127 80 228 255 0 0 0 37.969684 23.740541 299.3 45.2 1.9 
20:28:55.235 37.0 6.5 4.7 20.1 186.0 288.9 81.3 267.3 9.0 84.0 48.0 127 128 94 127 80 228 255 0 0 0 37.969711 23.740564 276.3 197.8 2.2 
20:28:55.745 54.0 6.8 2.5 24.3 173.0 231.3 81.3 255.3 -11.0 100.0 48.0 70 130 94 127 80 228 255 0 0 0 37.969711 23.740564 238.5 197.8 2.2 
20:28:56.253 54.0 6.8 3.3 32.8 115.0 172.7 81.3 197.3 -14.0 100.0 39.0 69 119 81 127 80 228 255 0 0 0 37.969711 23.740564 182.5 197.8 2.2 
20:28:56.763 61.0 6.9 -6.1 3.3 102.0 171.4 81.3 183.3 1.0 86.0 0 127 127 3 127 80 228 255 0 0 0 37.969711 23.740564 184.9 197.8 2.2 
20:28:57.272 61.0 6.9 -5.2 2.6 104.0 163.4 81.3 184.3 9.0 78.0 0 166 127 2 127 80 228 255 0 0 0 37.969711 23.740564 193.9 197.8 2.2 
20:28:57.779 68.0 7.0 -4.9 3.1 130.0 186.5 81.3 211.3 -1.0 86.0 0 126 127 2 127 80 228 255 0 0 0 37.969711 23.740564 210.1 197.8 2.2 
20:28:58.286 68.0 7.0 -3.7 6.5 120.0 195.1 81.3 201.3 -3.0 86.0 0 127 127 2 127 80 228 255 0 0 0 37.969711 23.740564 197.5 197.8 2.2 
20:28:58.794 70.0 7.0 3.2 5.6 120.0 178.9 81.3 201.3 -3.0 86.0 35.0 127 127 75 148 80 228 255 0 0 0 37.969711 23.740564 197.5 197.8 2.2 
20:28:59.304 70.0 7.0 0.6 5.9 119.0 205.4 81.3 200.3 -2.0 86.0 25.0 127 127 59 127 80 228 255 0 0 0 37.969711 23.740564 197.5 197.8 2.2 
20:28:59.814 70.0 7.0 8.1 5.9 117.0 190.3 81.3 198.3 0 86.0 32.0 127 127 70 127 80 228 255 0 0 0 37.969680 23.740509 197.5 72.4 4.4 
20:29:00.326 70.0 7.0 3.7 6.0 116.0 180.8 81.3 197.3 0 86.0 32.0 127 127 70 127 80 228 255 0 0 0 37.969680 23.740509 197.5 72.4 4.4 
20:29:00.834 63.0 6.9 5.0 4.2 113.0 195.6 81.3 194.3 3.0 86.0 32.0 127 127 70 127 80 228 255 0 0 0 37.969680 23.740509 197.5 72.4 4.4 
20:29:01.341 63.0 6.9 6.1 6.5 111.0 175.6 81.3 192.3 5.0 86.0 32.0 127 127 70 127 80 228 255 0 0 0 37.969680 23.740509 197.5 72.4 4.4 
20:29:01.849 63.0 6.9 4.4 5.8 110.0 185.3 81.3 191.3 6.0 85.0 32.0 127 127 70 127 80 228 255 0 0 0 37.969680 23.740509 197.5 72.4 4.4 
20:29:02.358 63.0 6.9 4.3 6.6 110.0 166.9 81.3 191.3 6.0 85.0 32.0 127 110 70 127 80 228 255 0 0 0 37.969680 23.740509 197.5 72.4 4.4 
20:29:02.867 65.0 6.9 -2.5 6.7 110.0 187.4 81.3 191.3 6.0 85.0 0 127 127 1 127 80 228 255 0 0 0 37.969680 23.740509 197.5 72.4 4.4 
20:29:03.375 65.0 6.9 -3.7 6.6 110.0 192.6 81.3 191.3 6.0 85.0 0 127 127 1 127 80 228 255 0 0 0 37.969680 23.740509 197.5 72.4 4.4 
20:29:03.884 70.0 7.0 2.6 6.0 110.0 175.8 81.3 191.3 6.0 85.0 0 127 127 1 127 80 228 255 0 0 0 37.969680 23.740509 197.5 72.4 4.4 
20:29:04.394 70.0 7.0 3.4 5.9 110.0 174.7 81.3 191.3 6.0 85.0 0 127 127 1 127 80 228 255 0 0 0 37.969680 23.740509 197.5 72.4 4.4 
20:29:04.903 70.0 7.0 3.4 6.0 111.0 175.0 81.3 192.3 5.0 86.0 0 127 127 1 127 80 228 255 0 0 0 37.969680 23.740509 197.5 72.4 4.4 
20:29:05.410 70.0 7.0 3.3 6.1 111.0 174.7 81.3 192.3 5.0 86.0 0 127 127 1 127 80 228 255 0 0 0 37.969680 23.740509 197.5 72.4 4.4 
20:29:05.921 70.0 7.0 3.3 6.0 111.0 174.2 81.3 192.3 5.0 86.0 0 127 127 1 127 80 228 255 0 0 0 37.969680 23.740509 197.5 72.4 4.4 
20:29:06.428 70.0 7.0 3.3 6.1 111.0 174.8 81.3 192.3 5.0 86.0 0 127 127 1 127 80 228 255 0 0 0 37.969680 23.740509 197.5 72.4 4.4 
20:29:06.938 70.0 7.0 3.3 6.1 111.0 174.0 81.3 192.3 5.0 86.0 0 127 127 1 127 80 228 255 0 0 0 37.969650 23.740495 197.5 47.3 7.3 
20:29:07.447 70.0 7.0 3.3 6.2 111.0 174.1 81.3 192.3 5.0 86.0 0 127 127 1 127 80 228 255 0 0 0 37.969650 23.740495 197.5 47.3 7.3 
20:29:07.955 72.0 7.0 3.4 6.0 111.0 175.0 81.3 192.3 5.0 86.0 0 127 127 1 127 80 228 255 0 0 0 37.969650 23.740495 197.5 47.3 7.3 
20:29:08.463 72.0 7.0 3.3 6.1 111.0 174.2 81.3 192.3 5.0 86.0 0 127 127 1 127 80 228 255 0 0 0 37.969650 23.740495 197.5 47.3 7.3 
20:29:08.971 70.0 7.0 3.2 6.1 111.0 174.3 81.3 192.3 5.0 86.0 0 127 127 1 127 80 228 255 0 0 0 37.969650 23.740495 197.5 47.3 7.3 
20:29:09.480 70.0 7.0 3.3 6.1 112.0 174.2 81.3 193.3 4.0 86.0 0 127 127 1 127 80 228 255 0 0 0 37.969650 23.740495 197.5 47.3 7.3 
20:29:09.988 70.0 7.0 3.3 6.1 112.0 174.3 81.3 193.3 4.0 86.0 0 127 127 1 127 80 228 255 0 0 0 37.969650 23.740495 197.5 47.3 7.3 
20:29:10.499 70.0 7.0 3.4 5.9 112.0 174.8 81.3 193.3 4.0 86.0 0 127 127 1 127 80 228 255 0 0 0 37.969650 23.740495 197.5 47.3 7.3 
20:29:11.006 72.0 7.0 3.3 5.9 112.0 174.5 81.3 193.3 4.0 86.0 0 127 127 1 127 80 228 255 0 0 0 37.969650 23.740495 197.5 47.3 7.3 
20:29:11.517 72.0 7.0 3.3 6.0 112.0 173.7 81.3 193.3 4.0 86.0 0 127 127 1 127 80 228 255 0 0 0 37.969650 23.740495 197.5 47.3 7.3 
20:29:12.025 72.0 7.0 3.4 6.0 112.0 174.8 81.3 193.3 4.0 86.0 0 127 127 1 127 80 228 255 0 0 0 37.969650 23.740495 197.5 47.3 7.3 
20:29:12.532 72.0 7.0 3.3 6.2 112.0 174.1 81.3 193.3 4.0 86.0 0 127 127 1 127 80 228 255 0 0 0 37.969650 23.740495 197.5 47.3 7.3 
20:29:13.040 72.0 7.0 3.4 6.0 112.0 174.1 81.3 193.3 4.0 86.0 0 127 127 1 127 80 228 255 0 0 0 37.969650 23.740495 197.5 47.3 7.3 
20:29:13.550 72.0 7.0 3.3 6.0 113.0 174.7 81.3 194.3 3.0 86.0 0 127 127 1 127 80 228 255 0 0 0 37.969650 23.740495 197.5 47.3 7.3 
20:29:14.059 72.0 7.0 3.3 6.0 113.0 173.9 81.3 194.3 3.0 86.0 0 127 127 1 127 80 228 255 0 0 0 37.969650 23.740495 197.5 47.3 7.3 
20:29:14.567 72.0 7.0 3.3 6.0 113.0 173.9 81.3 194.3 3.0 86.0 0 127 127 1 127 80 228 255 0 0 0 37.969650 23.740495 197.5 47.3 7.3 
20:29:15.077 72.0 7.0 3.4 6.0 113.0 174.8 81.3 194.3 3.0 86.0 0 127 127 1 127 80 228 255 0 0 0 37.969650 23.740495 197.5 47.3 7.3 
20:29:15.588 72.0 7.0 3.4 6.0 113.0 174.1 81.3 194.3 3.0 86.0 0 127 127 1 127 80 228 255 0 0 0 37.969650 23.740495 197.5 47.3 7.3 
20:29:16.095 72.0 7.0 3.3 6.1 113.0 173.7 81.3 194.3 3.0 86.0 0 127 127 1 127 80 228 255 0 0 0 37.969650 23.740495 197.5 47.3 7.3 
20:29:16.604 72.0 7.0 3.3 6.1 113.0 175.4 81.3 194.3 3.0 86.0 0 127 127 1 127 80 228 255 0 0 0 37.969650 23.740495 197.5 47.3 7.3 
20:29:17.114 72.0 7.0 3.4 5.9 113.0 174.5 81.3 194.3 3.0 86.0 0 127 127 1 127 80 228 255 0 0 0 37.969650 23.740495 197.5 47.3 7.3 
20:29:17.622 72.0 7.0 3.4 5.9 114.0 174.6 81.3 195.3 2.0 86.0 0 127 127 1 127 80 228 255 0 0 0 37.969650 23.740495 197.5 47.3 7.3 
